%
% MULTI-COIL WIRE PATTERN
%
1.00   77.09 -101.73 -45.07   0.00
2.00   76.87 -100.91 -49.66   1.00
3.00   76.81 -99.68 -54.15   1.00
4.00   76.92 -98.05 -58.52   1.00
5.00   77.20 -96.02 -62.71   1.00
6.00   77.65 -93.63 -66.68   1.00
7.00   78.25 -90.89 -70.40   1.00
8.00   79.01 -87.83 -73.84   1.00
9.00   79.92 -84.48 -76.95   1.00
10.00   80.96 -80.87 -79.71   1.00
11.00   82.14 -77.04 -82.09   1.00
12.00   83.43 -73.02 -84.07   1.00
13.00   84.82 -68.86 -85.63   1.00
14.00   86.31 -64.58 -86.76   1.00
15.00   87.88 -60.25 -87.44   1.00
16.00   89.50 -55.88 -87.67   1.00
17.00   91.17 -51.54 -87.44   1.00
18.00   92.88 -47.25 -86.76   1.00
19.00   94.59 -43.07 -85.63   1.00
20.00   96.31 -39.02 -84.07   1.00
21.00   98.00 -35.16 -82.09   1.00
22.00   99.66 -31.51 -79.71   1.00
23.00  101.26 -28.12 -76.95   1.00
24.00  102.80 -25.01 -73.84   1.00
25.00  104.26 -22.21 -70.40   1.00
26.00  105.62 -19.76 -66.68   1.00
27.00  106.88 -17.67 -62.71   1.00
28.00  108.01 -15.97 -58.52   1.00
29.00  109.01 -14.67 -54.15   1.00
30.00  109.87 -13.78 -49.66   1.00
31.00  110.58 -13.32 -45.07   1.00
32.00  111.13 -13.28 -40.45   1.00
33.00  111.52 -13.67 -35.82   1.00
34.00  111.74 -14.49 -31.23   1.00
35.00  111.80 -15.72 -26.74   1.00
36.00  111.69 -17.36 -22.37   1.00
37.00  111.41 -19.38 -18.18   1.00
38.00  110.96 -21.78 -14.21   1.00
39.00  110.36 -24.52 -10.49   1.00
40.00  109.60 -27.58  -7.05   1.00
41.00  108.69 -30.93  -3.94   1.00
42.00  107.64 -34.54  -1.18   1.00
43.00  106.47 -38.37   1.20   1.00
44.00  105.18 -42.38   3.18   1.00
45.00  103.78 -46.55   4.74   1.00
46.00  102.30 -50.82   5.87   1.00
47.00  100.73 -55.16   6.55   1.00
48.00   99.11 -59.52   6.78   1.00
49.00   97.43 -63.87   6.55   1.00
50.00   95.73 -68.15   5.87   1.00
51.00   94.02 -72.34   4.74   1.00
52.00   92.30 -76.38   3.18   1.00
53.00   90.61 -80.25   1.20   1.00
54.00   88.95 -83.89  -1.18   1.00
55.00   87.34 -87.29  -3.94   1.00
56.00   85.80 -90.40  -7.05   1.00
57.00   84.35 -93.19 -10.49   1.00
58.00   82.98 -95.65 -14.21   1.00
59.00   81.73 -97.73 -18.18   1.00
60.00   80.60 -99.44 -22.37   1.00
61.00   79.60 -100.74 -26.74   1.00
62.00   78.74 -101.62 -31.23   1.00
63.00   78.03 -102.09 -35.82   1.00
64.00   77.48 -102.12 -40.44   1.00
65.00    7.67 -113.66 -71.24   0.00
66.00    7.99 -112.58 -75.76   1.00
67.00    8.73 -111.36 -80.20   1.00
68.00    9.89 -110.01 -84.51   1.00
69.00   11.46 -108.54 -88.64   1.00
70.00   13.43 -106.96 -92.57   1.00
71.00   15.76 -105.29 -96.24   1.00
72.00   18.44 -103.55 -99.63   1.00
73.00   21.45 -101.75 -102.70   1.00
74.00   24.76 -99.91 -105.43   1.00
75.00   28.33 -98.05 -107.78   1.00
76.00   32.12 -96.18 -109.73   1.00
77.00   36.11 -94.33 -111.27   1.00
78.00   40.26 -92.50 -112.39   1.00
79.00   44.51 -90.73 -113.06   1.00
80.00   48.84 -89.02 -113.28   1.00
81.00   53.21 -87.40 -113.06   1.00
82.00   57.56 -85.87 -112.39   1.00
83.00   61.86 -84.45 -111.27   1.00
84.00   66.07 -83.16 -109.73   1.00
85.00   70.14 -82.01 -107.78   1.00
86.00   74.04 -81.01 -105.43   1.00
87.00   77.72 -80.17 -102.70   1.00
88.00   81.17 -79.50 -99.63   1.00
89.00   84.33 -79.00 -96.24   1.00
90.00   87.18 -78.68 -92.57   1.00
91.00   89.69 -78.54 -88.64   1.00
92.00   91.84 -78.58 -84.51   1.00
93.00   93.61 -78.81 -80.20   1.00
94.00   94.98 -79.22 -75.76   1.00
95.00   95.94 -79.80 -71.24   1.00
96.00   96.47 -80.56 -66.67   1.00
97.00   96.58 -81.48 -62.10   1.00
98.00   96.26 -82.55 -57.58   1.00
99.00   95.51 -83.77 -53.14   1.00
100.00   94.35 -85.12 -48.83   1.00
101.00   92.78 -86.60 -44.70   1.00
102.00   90.82 -88.17 -40.78   1.00
103.00   88.49 -89.84 -37.10   1.00
104.00   85.80 -91.58 -33.71   1.00
105.00   82.79 -93.38 -30.64   1.00
106.00   79.49 -95.22 -27.92   1.00
107.00   75.92 -97.09 -25.56   1.00
108.00   72.12 -98.95 -23.61   1.00
109.00   68.13 -100.81 -22.07   1.00
110.00   63.99 -102.63 -20.96   1.00
111.00   59.73 -104.41 -20.29   1.00
112.00   55.40 -106.11 -20.06   1.00
113.00   51.04 -107.74 -20.29   1.00
114.00   46.69 -109.27 -20.96   1.00
115.00   42.39 -110.68 -22.07   1.00
116.00   38.18 -111.97 -23.61   1.00
117.00   34.11 -113.12 -25.56   1.00
118.00   30.21 -114.12 -27.92   1.00
119.00   26.52 -114.97 -30.64   1.00
120.00   23.08 -115.64 -33.71   1.00
121.00   19.92 -116.14 -37.10   1.00
122.00   17.07 -116.46 -40.78   1.00
123.00   14.56 -116.60 -44.70   1.00
124.00   12.40 -116.55 -48.83   1.00
125.00   10.63 -116.33 -53.14   1.00
126.00    9.26 -115.92 -57.58   1.00
127.00    8.31 -115.33 -62.10   1.00
128.00    7.77 -114.58 -66.67   1.00
129.00  -48.05 -115.47 -40.88   0.00
130.00  -47.37 -114.79 -45.44   1.00
131.00  -46.23 -114.14 -49.92   1.00
132.00  -44.66 -113.50 -54.26   1.00
133.00  -42.67 -112.88 -58.43   1.00
134.00  -40.27 -112.30 -62.38   1.00
135.00  -37.50 -111.75 -66.09   1.00
136.00  -34.37 -111.25 -69.50   1.00
137.00  -30.91 -110.79 -72.60   1.00
138.00  -27.17 -110.39 -75.35   1.00
139.00  -23.17 -110.04 -77.72   1.00
140.00  -18.96 -109.75 -79.69   1.00
141.00  -14.57 -109.52 -81.24   1.00
142.00  -10.05 -109.36 -82.36   1.00
143.00   -5.44 -109.26 -83.04   1.00
144.00   -0.78 -109.22 -83.27   1.00
145.00    3.88 -109.26 -83.04   1.00
146.00    8.49 -109.36 -82.36   1.00
147.00   13.01 -109.52 -81.24   1.00
148.00   17.40 -109.75 -79.69   1.00
149.00   21.61 -110.04 -77.72   1.00
150.00   25.61 -110.39 -75.35   1.00
151.00   29.35 -110.79 -72.60   1.00
152.00   32.81 -111.25 -69.50   1.00
153.00   35.94 -111.75 -66.09   1.00
154.00   38.71 -112.30 -62.38   1.00
155.00   41.11 -112.88 -58.43   1.00
156.00   43.10 -113.50 -54.26   1.00
157.00   44.67 -114.14 -49.92   1.00
158.00   45.81 -114.79 -45.44   1.00
159.00   46.49 -115.47 -40.88   1.00
160.00   46.72 -116.14 -36.27   1.00
161.00   46.49 -116.82 -31.67   1.00
162.00   45.81 -117.50 -27.11   1.00
163.00   44.67 -118.15 -22.63   1.00
164.00   43.10 -118.79 -18.29   1.00
165.00   41.11 -119.41 -14.12   1.00
166.00   38.71 -119.99 -10.17   1.00
167.00   35.94 -120.54  -6.46   1.00
168.00   32.81 -121.04  -3.04   1.00
169.00   29.35 -121.50   0.05   1.00
170.00   25.61 -121.90   2.80   1.00
171.00   21.61 -122.25   5.17   1.00
172.00   17.40 -122.54   7.14   1.00
173.00   13.01 -122.77   8.70   1.00
174.00    8.49 -122.93   9.82   1.00
175.00    3.88 -123.03  10.49   1.00
176.00   -0.78 -123.07  10.72   1.00
177.00   -5.44 -123.03  10.49   1.00
178.00  -10.05 -122.93   9.82   1.00
179.00  -14.57 -122.77   8.70   1.00
180.00  -18.96 -122.54   7.14   1.00
181.00  -23.17 -122.25   5.17   1.00
182.00  -27.17 -121.90   2.80   1.00
183.00  -30.91 -121.50   0.05   1.00
184.00  -34.37 -121.04  -3.04   1.00
185.00  -37.50 -120.54  -6.46   1.00
186.00  -40.27 -119.99 -10.17   1.00
187.00  -42.67 -119.41 -14.12   1.00
188.00  -44.66 -118.79 -18.29   1.00
189.00  -46.23 -118.15 -22.63   1.00
190.00  -47.37 -117.50 -27.11   1.00
191.00  -48.05 -116.82 -31.67   1.00
192.00  -48.28 -116.14 -36.27   1.00
193.00  -94.64 -69.42 -71.77   0.00
194.00  -93.27 -68.36 -76.09   1.00
195.00  -91.51 -67.55 -80.33   1.00
196.00  -89.40 -67.00 -84.45   1.00
197.00  -86.95 -66.70 -88.41   1.00
198.00  -84.19 -66.66 -92.16   1.00
199.00  -81.13 -66.89 -95.67   1.00
200.00  -77.82 -67.38 -98.91   1.00
201.00  -74.27 -68.12 -101.85   1.00
202.00  -70.54 -69.12 -104.46   1.00
203.00  -66.64 -70.35 -106.70   1.00
204.00  -62.63 -71.81 -108.57   1.00
205.00  -58.54 -73.48 -110.05   1.00
206.00  -54.40 -75.34 -111.11   1.00
207.00  -50.26 -77.39 -111.75   1.00
208.00  -46.16 -79.60 -111.97   1.00
209.00  -42.14 -81.94 -111.75   1.00
210.00  -38.23 -84.40 -111.11   1.00
211.00  -34.48 -86.95 -110.05   1.00
212.00  -30.91 -89.57 -108.57   1.00
213.00  -27.57 -92.23 -106.70   1.00
214.00  -24.49 -94.91 -104.46   1.00
215.00  -21.69 -97.58 -101.85   1.00
216.00  -19.21 -100.21 -98.91   1.00
217.00  -17.06 -102.78 -95.67   1.00
218.00  -15.27 -105.27 -92.16   1.00
219.00  -13.86 -107.65 -88.41   1.00
220.00  -12.83 -109.89 -84.45   1.00
221.00  -12.20 -111.98 -80.33   1.00
222.00  -11.98 -113.90 -76.09   1.00
223.00  -12.16 -115.63 -71.77   1.00
224.00  -12.75 -117.14 -67.40   1.00
225.00  -13.74 -118.44 -63.03   1.00
226.00  -15.11 -119.49 -58.70   1.00
227.00  -16.86 -120.30 -54.46   1.00
228.00  -18.98 -120.86 -50.34   1.00
229.00  -21.43 -121.16 -46.39   1.00
230.00  -24.19 -121.19 -42.64   1.00
231.00  -27.25 -120.97 -39.12   1.00
232.00  -30.56 -120.48 -35.88   1.00
233.00  -34.11 -119.73 -32.94   1.00
234.00  -37.84 -118.74 -30.34   1.00
235.00  -41.73 -117.51 -28.09   1.00
236.00  -45.75 -116.05 -26.22   1.00
237.00  -49.84 -114.38 -24.75   1.00
238.00  -53.98 -112.51 -23.68   1.00
239.00  -58.12 -110.47 -23.04   1.00
240.00  -62.22 -108.26 -22.83   1.00
241.00  -66.24 -105.91 -23.04   1.00
242.00  -70.15 -103.45 -23.68   1.00
243.00  -73.90 -100.90 -24.75   1.00
244.00  -77.46 -98.28 -26.22   1.00
245.00  -80.80 -95.62 -28.09   1.00
246.00  -83.89 -92.95 -30.34   1.00
247.00  -86.68 -90.28 -32.94   1.00
248.00  -89.17 -87.65 -35.88   1.00
249.00  -91.32 -85.07 -39.12   1.00
250.00  -93.11 -82.59 -42.64   1.00
251.00  -94.52 -80.21 -46.39   1.00
252.00  -95.55 -77.96 -50.34   1.00
253.00  -96.18 -75.87 -54.46   1.00
254.00  -96.40 -73.96 -58.70   1.00
255.00  -96.22 -72.23 -63.03   1.00
256.00  -95.63 -70.71 -67.40   1.00
257.00  -111.05 -13.68 -41.13   0.00
258.00  -110.34 -14.14 -45.72   1.00
259.00  -109.49 -15.02 -50.21   1.00
260.00  -108.49 -16.33 -54.58   1.00
261.00  -107.35 -18.03 -58.77   1.00
262.00  -106.10 -20.12 -62.74   1.00
263.00  -104.74 -22.57 -66.46   1.00
264.00  -103.28 -25.36 -69.90   1.00
265.00  -101.74 -28.47 -73.01   1.00
266.00  -100.14 -31.87 -75.77   1.00
267.00  -98.48 -35.52 -78.15   1.00
268.00  -96.78 -39.38 -80.13   1.00
269.00  -95.07 -43.43 -81.69   1.00
270.00  -93.35 -47.61 -82.82   1.00
271.00  -91.65 -51.90 -83.50   1.00
272.00  -89.98 -56.24 -83.73   1.00
273.00  -88.35 -60.60 -83.50   1.00
274.00  -86.79 -64.94 -82.82   1.00
275.00  -85.30 -69.22 -81.69   1.00
276.00  -83.91 -73.38 -80.13   1.00
277.00  -82.62 -77.40 -78.15   1.00
278.00  -81.44 -81.23 -75.77   1.00
279.00  -80.40 -84.84 -73.01   1.00
280.00  -79.49 -88.19 -69.90   1.00
281.00  -78.73 -91.25 -66.46   1.00
282.00  -78.13 -93.99 -62.74   1.00
283.00  -77.68 -96.38 -58.77   1.00
284.00  -77.40 -98.40 -54.58   1.00
285.00  -77.29 -100.04 -50.21   1.00
286.00  -77.35 -101.27 -45.72   1.00
287.00  -77.57 -102.09 -41.13   1.00
288.00  -77.96 -102.48 -36.51   1.00
289.00  -78.51 -102.45 -31.88   1.00
290.00  -79.22 -101.98 -27.29   1.00
291.00  -80.08 -101.10 -22.80   1.00
292.00  -81.08 -99.80 -18.43   1.00
293.00  -82.21 -98.09 -14.24   1.00
294.00  -83.46 -96.01 -10.27   1.00
295.00  -84.82 -93.55  -6.55   1.00
296.00  -86.28 -90.76  -3.11   1.00
297.00  -87.82 -87.65  -0.00   1.00
298.00  -89.43 -84.25   2.76   1.00
299.00  -91.09 -80.61   5.14   1.00
300.00  -92.78 -76.74   7.12   1.00
301.00  -94.49 -72.70   8.68   1.00
302.00  -96.21 -68.51   9.81   1.00
303.00  -97.91 -64.23  10.49   1.00
304.00  -99.58 -59.88  10.72   1.00
305.00  -101.21 -55.52  10.49   1.00
306.00  -102.77 -51.18   9.81   1.00
307.00  -104.26 -46.91   8.68   1.00
308.00  -105.66 -42.74   7.12   1.00
309.00  -106.95 -38.73   5.14   1.00
310.00  -108.12 -34.89   2.76   1.00
311.00  -109.17 -31.29  -0.00   1.00
312.00  -110.07 -27.94  -3.11   1.00
313.00  -110.83 -24.88  -6.55   1.00
314.00  -111.44 -22.14 -10.27   1.00
315.00  -111.88 -19.74 -14.24   1.00
316.00  -112.16 -17.72 -18.43   1.00
317.00  -112.27 -16.08 -22.80   1.00
318.00  -112.22 -14.85 -27.29   1.00
319.00  -111.99 -14.03 -31.88   1.00
320.00  -111.61 -13.64 -36.50   1.00
321.00   79.83 -97.90  35.60   0.00
322.00   78.40 -96.95  39.93   1.00
323.00   77.07 -95.56  44.18   1.00
324.00   75.87 -93.75  48.31   1.00
325.00   74.80 -91.54  52.27   1.00
326.00   73.87 -88.94  56.02   1.00
327.00   73.10 -85.98  59.54   1.00
328.00   72.48 -82.69  62.79   1.00
329.00   72.03 -79.11  65.73   1.00
330.00   71.75 -75.25  68.34   1.00
331.00   71.65 -71.17  70.59   1.00
332.00   71.71 -66.91  72.46   1.00
333.00   71.95 -62.49  73.94   1.00
334.00   72.36 -57.97  75.00   1.00
335.00   72.94 -53.39  75.65   1.00
336.00   73.68 -48.79  75.86   1.00
337.00   74.57 -44.22  75.65   1.00
338.00   75.61 -39.72  75.00   1.00
339.00   76.78 -35.34  73.94   1.00
340.00   78.08 -31.11  72.46   1.00
341.00   79.48 -27.08  70.59   1.00
342.00   80.99 -23.29  68.34   1.00
343.00   82.58 -19.77  65.73   1.00
344.00   84.24 -16.56  62.79   1.00
345.00   85.95 -13.68  59.54   1.00
346.00   87.70 -11.17  56.02   1.00
347.00   89.46  -9.05  52.27   1.00
348.00   91.23  -7.34  48.31   1.00
349.00   92.98  -6.06  44.18   1.00
350.00   94.70  -5.21  39.93   1.00
351.00   96.38  -4.81  35.60   1.00
352.00   97.98  -4.87  31.23   1.00
353.00   99.51  -5.37  26.85   1.00
354.00  100.94  -6.32  22.52   1.00
355.00  102.27  -7.71  18.27   1.00
356.00  103.47  -9.52  14.14   1.00
357.00  104.54 -11.73  10.18   1.00
358.00  105.47 -14.33   6.43   1.00
359.00  106.24 -17.29   2.91   1.00
360.00  106.86 -20.58  -0.34   1.00
361.00  107.31 -24.16  -3.28   1.00
362.00  107.59 -28.02  -5.89   1.00
363.00  107.69 -32.10  -8.14   1.00
364.00  107.63 -36.36 -10.01   1.00
365.00  107.39 -40.78 -11.49   1.00
366.00  106.98 -45.30 -12.55   1.00
367.00  106.40 -49.88 -13.20   1.00
368.00  105.66 -54.48 -13.41   1.00
369.00  104.77 -59.05 -13.20   1.00
370.00  103.73 -63.55 -12.55   1.00
371.00  102.56 -67.93 -11.49   1.00
372.00  101.26 -72.16 -10.01   1.00
373.00   99.86 -76.19  -8.14   1.00
374.00   98.35 -79.98  -5.89   1.00
375.00   96.76 -83.50  -3.28   1.00
376.00   95.10 -86.71  -0.34   1.00
377.00   93.39 -89.59   2.91   1.00
378.00   91.64 -92.10   6.43   1.00
379.00   89.88 -94.22  10.18   1.00
380.00   88.11 -95.93  14.14   1.00
381.00   86.36 -97.21  18.27   1.00
382.00   84.64 -98.06  22.52   1.00
383.00   82.96 -98.46  26.85   1.00
384.00   81.36 -98.40  31.23   1.00
385.00   17.90 -124.57  -0.62   0.00
386.00   18.47 -124.19   3.99   1.00
387.00   19.43 -123.58   8.51   1.00
388.00   20.77 -122.76  12.90   1.00
389.00   22.48 -121.73  17.12   1.00
390.00   24.54 -120.50  21.11   1.00
391.00   26.92 -119.09  24.86   1.00
392.00   29.62 -117.49  28.31   1.00
393.00   32.59 -115.74  31.44   1.00
394.00   35.82 -113.85  34.22   1.00
395.00   39.28 -111.83  36.61   1.00
396.00   42.92 -109.71  38.61   1.00
397.00   46.71 -107.50  40.18   1.00
398.00   50.62 -105.23  41.31   1.00
399.00   54.61 -102.92  41.99   1.00
400.00   58.64 -100.59  42.22   1.00
401.00   62.67 -98.26  41.99   1.00
402.00   66.67 -95.96  41.31   1.00
403.00   70.59 -93.71  40.18   1.00
404.00   74.40 -91.53  38.61   1.00
405.00   78.06 -89.44  36.61   1.00
406.00   81.53 -87.46  34.22   1.00
407.00   84.79 -85.61  31.44   1.00
408.00   87.79 -83.90  28.31   1.00
409.00   90.52 -82.37  24.86   1.00
410.00   92.94 -81.01  21.11   1.00
411.00   95.03 -79.84  17.12   1.00
412.00   96.78 -78.88  12.90   1.00
413.00   98.16 -78.13   8.51   1.00
414.00   99.16 -77.60   3.99   1.00
415.00   99.77 -77.29  -0.62   1.00
416.00   99.99 -77.21  -5.27   1.00
417.00   99.82 -77.36  -9.93   1.00
418.00   99.25 -77.74 -14.54   1.00
419.00   98.29 -78.35 -19.06   1.00
420.00   96.95 -79.17 -23.45   1.00
421.00   95.24 -80.20 -27.67   1.00
422.00   93.18 -81.43 -31.66   1.00
423.00   90.80 -82.84 -35.41   1.00
424.00   88.10 -84.44 -38.86   1.00
425.00   85.12 -86.19 -41.99   1.00
426.00   81.89 -88.08 -44.77   1.00
427.00   78.44 -90.10 -47.16   1.00
428.00   74.80 -92.22 -49.16   1.00
429.00   71.01 -94.43 -50.73   1.00
430.00   67.10 -96.70 -51.86   1.00
431.00   63.11 -99.01 -52.54   1.00
432.00   59.08 -101.34 -52.77   1.00
433.00   55.04 -103.67 -52.54   1.00
434.00   51.05 -105.97 -51.86   1.00
435.00   47.13 -108.22 -50.73   1.00
436.00   43.32 -110.40 -49.16   1.00
437.00   39.66 -112.49 -47.16   1.00
438.00   36.19 -114.47 -44.77   1.00
439.00   32.93 -116.32 -41.99   1.00
440.00   29.93 -118.03 -38.86   1.00
441.00   27.20 -119.56 -35.41   1.00
442.00   24.78 -120.92 -31.66   1.00
443.00   22.68 -122.09 -27.67   1.00
444.00   20.94 -123.05 -23.45   1.00
445.00   19.56 -123.80 -19.06   1.00
446.00   18.56 -124.33 -14.54   1.00
447.00   17.94 -124.64  -9.93   1.00
448.00   17.72 -124.72  -5.28   1.00
449.00  -48.05 -110.45  28.95   0.00
450.00  -47.37 -109.13  33.37   1.00
451.00  -46.23 -107.84  37.71   1.00
452.00  -44.66 -106.58  41.91   1.00
453.00  -42.67 -105.38  45.95   1.00
454.00  -40.27 -104.24  49.78   1.00
455.00  -37.50 -103.17  53.37   1.00
456.00  -34.37 -102.18  56.68   1.00
457.00  -30.91 -101.28  59.68   1.00
458.00  -27.17 -100.49  62.34   1.00
459.00  -23.17 -99.81  64.64   1.00
460.00  -18.96 -99.24  66.55   1.00
461.00  -14.57 -98.79  68.05   1.00
462.00  -10.05 -98.46  69.14   1.00
463.00   -5.44 -98.27  69.79   1.00
464.00   -0.78 -98.20  70.01   1.00
465.00    3.88 -98.27  69.79   1.00
466.00    8.49 -98.46  69.14   1.00
467.00   13.01 -98.79  68.05   1.00
468.00   17.40 -99.24  66.55   1.00
469.00   21.61 -99.81  64.64   1.00
470.00   25.61 -100.49  62.34   1.00
471.00   29.35 -101.28  59.68   1.00
472.00   32.81 -102.18  56.68   1.00
473.00   35.94 -103.17  53.37   1.00
474.00   38.71 -104.24  49.78   1.00
475.00   41.11 -105.38  45.95   1.00
476.00   43.10 -106.58  41.91   1.00
477.00   44.67 -107.84  37.71   1.00
478.00   45.81 -109.13  33.37   1.00
479.00   46.49 -110.45  28.95   1.00
480.00   46.72 -111.78  24.49   1.00
481.00   46.49 -113.11  20.03   1.00
482.00   45.81 -114.42  15.61   1.00
483.00   44.67 -115.72  11.28   1.00
484.00   43.10 -116.97   7.07   1.00
485.00   41.11 -118.17   3.03   1.00
486.00   38.71 -119.32  -0.80   1.00
487.00   35.94 -120.39  -4.39   1.00
488.00   32.81 -121.37  -7.70   1.00
489.00   29.35 -122.27 -10.70   1.00
490.00   25.61 -123.06 -13.36   1.00
491.00   21.61 -123.75 -15.65   1.00
492.00   17.40 -124.32 -17.56   1.00
493.00   13.01 -124.76 -19.07   1.00
494.00    8.49 -125.09 -20.15   1.00
495.00    3.88 -125.28 -20.81   1.00
496.00   -0.78 -125.35 -21.03   1.00
497.00   -5.44 -125.28 -20.81   1.00
498.00  -10.05 -125.09 -20.15   1.00
499.00  -14.57 -124.76 -19.07   1.00
500.00  -18.96 -124.32 -17.56   1.00
501.00  -23.17 -123.75 -15.65   1.00
502.00  -27.17 -123.06 -13.36   1.00
503.00  -30.91 -122.27 -10.70   1.00
504.00  -34.37 -121.37  -7.70   1.00
505.00  -37.50 -120.39  -4.39   1.00
506.00  -40.27 -119.32  -0.80   1.00
507.00  -42.67 -118.17   3.03   1.00
508.00  -44.66 -116.97   7.07   1.00
509.00  -46.23 -115.72  11.28   1.00
510.00  -47.37 -114.42  15.61   1.00
511.00  -48.05 -113.11  20.03   1.00
512.00  -48.28 -111.78  24.49   1.00
513.00  -101.27 -77.90  -9.93   0.00
514.00  -100.66 -78.21 -14.54   1.00
515.00  -99.66 -78.73 -19.07   1.00
516.00  -98.28 -79.48 -23.46   1.00
517.00  -96.52 -80.42 -27.67   1.00
518.00  -94.42 -81.57 -31.67   1.00
519.00  -91.98 -82.91 -35.41   1.00
520.00  -89.24 -84.41 -38.86   1.00
521.00  -86.22 -86.08 -42.00   1.00
522.00  -82.94 -87.89 -44.77   1.00
523.00  -79.44 -89.83 -47.17   1.00
524.00  -75.76 -91.87 -49.16   1.00
525.00  -71.92 -94.00 -50.73   1.00
526.00  -67.97 -96.20 -51.86   1.00
527.00  -63.94 -98.44 -52.55   1.00
528.00  -59.87 -100.71 -52.78   1.00
529.00  -55.81 -102.98 -52.55   1.00
530.00  -51.78 -105.23 -51.86   1.00
531.00  -47.84 -107.44 -50.73   1.00
532.00  -44.01 -109.59 -49.16   1.00
533.00  -40.34 -111.66 -47.17   1.00
534.00  -36.86 -113.62 -44.77   1.00
535.00  -33.59 -115.46 -42.00   1.00
536.00  -30.59 -117.16 -38.86   1.00
537.00  -27.86 -118.70 -35.41   1.00
538.00  -25.45 -120.08 -31.67   1.00
539.00  -23.37 -121.27 -27.67   1.00
540.00  -21.64 -122.26 -23.46   1.00
541.00  -20.29 -123.05 -19.07   1.00
542.00  -19.31 -123.63 -14.54   1.00
543.00  -18.73 -123.98  -9.93   1.00
544.00  -18.54 -124.12  -5.28   1.00
545.00  -18.75 -124.03  -0.62   1.00
546.00  -19.36 -123.72   3.99   1.00
547.00  -20.37 -123.20   8.51   1.00
548.00  -21.75 -122.45  12.90   1.00
549.00  -23.50 -121.51  17.11   1.00
550.00  -25.61 -120.36  21.11   1.00
551.00  -28.04 -119.02  24.86   1.00
552.00  -30.79 -117.52  28.31   1.00
553.00  -33.81 -115.85  31.44   1.00
554.00  -37.09 -114.04  34.22   1.00
555.00  -40.59 -112.10  36.61   1.00
556.00  -44.27 -110.06  38.61   1.00
557.00  -48.11 -107.93  40.18   1.00
558.00  -52.06 -105.73  41.31   1.00
559.00  -56.09 -103.49  41.99   1.00
560.00  -60.16 -101.22  42.22   1.00
561.00  -64.22 -98.95  41.99   1.00
562.00  -68.24 -96.70  41.31   1.00
563.00  -72.19 -94.49  40.18   1.00
564.00  -76.02 -92.34  38.61   1.00
565.00  -79.69 -90.27  36.61   1.00
566.00  -83.17 -88.31  34.22   1.00
567.00  -86.43 -86.47  31.44   1.00
568.00  -89.44 -84.77  28.31   1.00
569.00  -92.16 -83.23  24.86   1.00
570.00  -94.58 -81.85  21.11   1.00
571.00  -96.66 -80.66  17.11   1.00
572.00  -98.38 -79.67  12.90   1.00
573.00  -99.74 -78.88   8.51   1.00
574.00  -100.72 -78.30   3.99   1.00
575.00  -101.30 -77.95  -0.62   1.00
576.00  -101.49 -77.81  -5.28   1.00
577.00  -100.44  -6.05  32.00   0.00
578.00  -98.79  -6.37  36.35   1.00
579.00  -97.07  -7.13  40.62   1.00
580.00  -95.29  -8.32  44.75   1.00
581.00  -93.46  -9.94  48.73   1.00
582.00  -91.62 -11.96  52.50   1.00
583.00  -89.77 -14.38  56.03   1.00
584.00  -87.93 -17.16  59.29   1.00
585.00  -86.13 -20.29  62.24   1.00
586.00  -84.37 -23.72  64.86   1.00
587.00  -82.67 -27.43  67.12   1.00
588.00  -81.06 -31.38  69.00   1.00
589.00  -79.55 -35.53  70.48   1.00
590.00  -78.14 -39.84  71.54   1.00
591.00  -76.86 -44.28  72.19   1.00
592.00  -75.72 -48.79  72.41   1.00
593.00  -74.73 -53.34  72.19   1.00
594.00  -73.89 -57.88  71.54   1.00
595.00  -73.22 -62.37  70.48   1.00
596.00  -72.72 -66.76  69.00   1.00
597.00  -72.40 -71.02  67.12   1.00
598.00  -72.26 -75.09  64.86   1.00
599.00  -72.30 -78.95  62.24   1.00
600.00  -72.52 -82.55  59.29   1.00
601.00  -72.92 -85.86  56.03   1.00
602.00  -73.50 -88.85  52.50   1.00
603.00  -74.25 -91.49  48.73   1.00
604.00  -75.15 -93.75  44.75   1.00
605.00  -76.21 -95.61  40.62   1.00
606.00  -77.42 -97.06  36.35   1.00
607.00  -78.76 -98.08  32.00   1.00
608.00  -80.21 -98.65  27.61   1.00
609.00  -81.77 -98.79  23.22   1.00
610.00  -83.42 -98.47  18.87   1.00
611.00  -85.15 -97.72  14.61   1.00
612.00  -86.93 -96.52  10.47   1.00
613.00  -88.75 -94.90   6.50   1.00
614.00  -90.60 -92.88   2.73   1.00
615.00  -92.45 -90.46  -0.80   1.00
616.00  -94.28 -87.68  -4.06   1.00
617.00  -96.09 -84.55  -7.01   1.00
618.00  -97.85 -81.12  -9.63   1.00
619.00  -99.54 -77.41 -11.89   1.00
620.00  -101.15 -73.46 -13.77   1.00
621.00  -102.67 -69.31 -15.25   1.00
622.00  -104.07 -65.00 -16.32   1.00
623.00  -105.35 -60.56 -16.96   1.00
624.00  -106.49 -56.05 -17.18   1.00
625.00  -107.49 -51.50 -16.96   1.00
626.00  -108.32 -46.96 -16.32   1.00
627.00  -109.00 -42.47 -15.25   1.00
628.00  -109.49 -38.08 -13.77   1.00
629.00  -109.81 -33.82 -11.89   1.00
630.00  -109.96 -29.75  -9.63   1.00
631.00  -109.91 -25.89  -7.01   1.00
632.00  -109.69 -22.29  -4.06   1.00
633.00  -109.29 -18.98  -0.80   1.00
634.00  -108.72 -15.99   2.73   1.00
635.00  -107.97 -13.36   6.50   1.00
636.00  -107.06 -11.09  10.47   1.00
637.00  -106.00  -9.23  14.61   1.00
638.00  -104.80  -7.78  18.87   1.00
639.00  -103.46  -6.77  23.22   1.00
640.00  -102.00  -6.19  27.61   1.00
641.00   -0.46 -107.85  55.51   0.00
642.00   -1.07 -105.05  59.19   1.00
643.00   -1.26 -102.09  62.79   1.00
644.00   -1.02 -99.02  66.29   1.00
645.00   -0.35 -95.86  69.64   1.00
646.00    0.74 -92.64  72.83   1.00
647.00    2.24 -89.38  75.81   1.00
648.00    4.14 -86.13  78.57   1.00
649.00    6.41 -82.91  81.06   1.00
650.00    9.03 -79.76  83.27   1.00
651.00   11.98 -76.70  85.18   1.00
652.00   15.24 -73.77  86.77   1.00
653.00   18.76 -70.98  88.02   1.00
654.00   22.52 -68.38  88.93   1.00
655.00   26.48 -65.98  89.47   1.00
656.00   30.60 -63.81  89.65   1.00
657.00   34.85 -61.89  89.47   1.00
658.00   39.17 -60.23  88.93   1.00
659.00   43.53 -58.85  88.02   1.00
660.00   47.89 -57.78  86.77   1.00
661.00   52.20 -57.00  85.18   1.00
662.00   56.43 -56.54  83.27   1.00
663.00   60.53 -56.40  81.06   1.00
664.00   64.46 -56.58  78.57   1.00
665.00   68.19 -57.08  75.81   1.00
666.00   71.68 -57.89  72.83   1.00
667.00   74.90 -59.01  69.64   1.00
668.00   77.81 -60.42  66.29   1.00
669.00   80.38 -62.11  62.79   1.00
670.00   82.60 -64.06  59.19   1.00
671.00   84.44 -66.26  55.51   1.00
672.00   85.88 -68.69  51.80   1.00
673.00   86.92 -71.31  48.09   1.00
674.00   87.53 -74.12  44.42   1.00
675.00   87.71 -77.07  40.81   1.00
676.00   87.47 -80.14  37.32   1.00
677.00   86.80 -83.30  33.96   1.00
678.00   85.71 -86.53  30.77   1.00
679.00   84.21 -89.78  27.79   1.00
680.00   82.32 -93.03  25.04   1.00
681.00   80.05 -96.25  22.54   1.00
682.00   77.42 -99.40  20.33   1.00
683.00   74.47 -102.46  18.42   1.00
684.00   71.21 -105.40  16.83   1.00
685.00   67.69 -108.18  15.58   1.00
686.00   63.93 -110.78  14.68   1.00
687.00   59.97 -113.18  14.13   1.00
688.00   55.85 -115.35  13.95   1.00
689.00   51.61 -117.28  14.13   1.00
690.00   47.28 -118.93  14.68   1.00
691.00   42.92 -120.31  15.58   1.00
692.00   38.56 -121.39  16.83   1.00
693.00   34.25 -122.16  18.42   1.00
694.00   30.02 -122.62  20.33   1.00
695.00   25.92 -122.76  22.54   1.00
696.00   21.99 -122.58  25.04   1.00
697.00   18.26 -122.08  27.79   1.00
698.00   14.77 -121.27  30.77   1.00
699.00   11.56 -120.16  33.96   1.00
700.00    8.65 -118.75  37.32   1.00
701.00    6.07 -117.06  40.81   1.00
702.00    3.85 -115.10  44.42   1.00
703.00    2.01 -112.90  48.09   1.00
704.00    0.57 -110.47  51.80   1.00
705.00  -48.05 -67.74  77.92   0.00
706.00  -47.37 -63.44  79.57   1.00
707.00  -46.23 -59.21  81.19   1.00
708.00  -44.66 -55.12  82.76   1.00
709.00  -42.67 -51.18  84.27   1.00
710.00  -40.27 -47.45  85.71   1.00
711.00  -37.50 -43.95  87.05   1.00
712.00  -34.37 -40.73  88.29   1.00
713.00  -30.91 -37.81  89.41   1.00
714.00  -27.17 -35.21  90.40   1.00
715.00  -23.17 -32.98  91.26   1.00
716.00  -18.96 -31.12  91.97   1.00
717.00  -14.57 -29.65  92.54   1.00
718.00  -10.05 -28.59  92.94   1.00
719.00   -5.44 -27.95  93.19   1.00
720.00   -0.78 -27.74  93.27   1.00
721.00    3.88 -27.95  93.19   1.00
722.00    8.49 -28.59  92.94   1.00
723.00   13.01 -29.65  92.54   1.00
724.00   17.40 -31.12  91.97   1.00
725.00   21.61 -32.98  91.26   1.00
726.00   25.61 -35.21  90.40   1.00
727.00   29.35 -37.81  89.41   1.00
728.00   32.81 -40.73  88.29   1.00
729.00   35.94 -43.95  87.05   1.00
730.00   38.71 -47.45  85.71   1.00
731.00   41.11 -51.18  84.27   1.00
732.00   43.10 -55.12  82.76   1.00
733.00   44.67 -59.21  81.19   1.00
734.00   45.81 -63.44  79.57   1.00
735.00   46.49 -67.74  77.92   1.00
736.00   46.72 -72.09  76.25   1.00
737.00   46.49 -76.43  74.58   1.00
738.00   45.81 -80.74  72.93   1.00
739.00   44.67 -84.96  71.31   1.00
740.00   43.10 -89.06  69.74   1.00
741.00   41.11 -92.99  68.23   1.00
742.00   38.71 -96.72  66.80   1.00
743.00   35.94 -100.22  65.45   1.00
744.00   32.81 -103.44  64.22   1.00
745.00   29.35 -106.37  63.10   1.00
746.00   25.61 -108.96  62.10   1.00
747.00   21.61 -111.20  61.24   1.00
748.00   17.40 -113.06  60.53   1.00
749.00   13.01 -114.52  59.96   1.00
750.00    8.49 -115.58  59.56   1.00
751.00    3.88 -116.22  59.31   1.00
752.00   -0.78 -116.43  59.23   1.00
753.00   -5.44 -116.22  59.31   1.00
754.00  -10.05 -115.58  59.56   1.00
755.00  -14.57 -114.52  59.96   1.00
756.00  -18.96 -113.06  60.53   1.00
757.00  -23.17 -111.20  61.24   1.00
758.00  -27.17 -108.96  62.10   1.00
759.00  -30.91 -106.37  63.10   1.00
760.00  -34.37 -103.44  64.22   1.00
761.00  -37.50 -100.22  65.45   1.00
762.00  -40.27 -96.72  66.80   1.00
763.00  -42.67 -92.99  68.23   1.00
764.00  -44.66 -89.06  69.74   1.00
765.00  -46.23 -84.96  71.31   1.00
766.00  -47.37 -80.74  72.93   1.00
767.00  -48.05 -76.43  74.58   1.00
768.00  -48.28 -72.09  76.25   1.00
769.00  -85.19 -64.70  57.02   0.00
770.00  -83.35 -62.50  60.70   1.00
771.00  -81.13 -60.54  64.30   1.00
772.00  -78.55 -58.85  67.80   1.00
773.00  -75.64 -57.44  71.16   1.00
774.00  -72.43 -56.33  74.34   1.00
775.00  -68.94 -55.52  77.33   1.00
776.00  -65.21 -55.02  80.08   1.00
777.00  -61.28 -54.84  82.57   1.00
778.00  -57.18 -54.98  84.78   1.00
779.00  -52.95 -55.44  86.69   1.00
780.00  -48.63 -56.21  88.28   1.00
781.00  -44.28 -57.29  89.53   1.00
782.00  -39.91 -58.66  90.44   1.00
783.00  -35.59 -60.32  90.98   1.00
784.00  -31.35 -62.24  91.16   1.00
785.00  -27.23 -64.42  90.98   1.00
786.00  -23.27 -66.81  90.44   1.00
787.00  -19.51 -69.42  89.53   1.00
788.00  -15.98 -72.20  88.28   1.00
789.00  -12.73 -75.14  86.69   1.00
790.00   -9.78 -78.19  84.78   1.00
791.00   -7.15 -81.35  82.57   1.00
792.00   -4.88 -84.57  80.08   1.00
793.00   -2.99 -87.82  77.33   1.00
794.00   -1.49 -91.07  74.34   1.00
795.00   -0.40 -94.29  71.16   1.00
796.00    0.27 -97.46  67.80   1.00
797.00    0.51 -100.53  64.30   1.00
798.00    0.33 -103.48  60.70   1.00
799.00   -0.28 -106.28  57.02   1.00
800.00   -1.31 -108.91  53.31   1.00
801.00   -2.75 -111.33  49.60   1.00
802.00   -4.59 -113.53  45.93   1.00
803.00   -6.81 -115.49  42.33   1.00
804.00   -9.39 -117.18  38.83   1.00
805.00  -12.30 -118.59  35.47   1.00
806.00  -15.51 -119.71  32.28   1.00
807.00  -19.00 -120.52  29.30   1.00
808.00  -22.73 -121.01  26.55   1.00
809.00  -26.67 -121.19  24.05   1.00
810.00  -30.77 -121.05  21.84   1.00
811.00  -34.99 -120.59  19.93   1.00
812.00  -39.31 -119.82  18.34   1.00
813.00  -43.67 -118.74  17.09   1.00
814.00  -48.03 -117.37  16.19   1.00
815.00  -52.35 -115.71  15.64   1.00
816.00  -56.59 -113.79  15.46   1.00
817.00  -60.71 -111.62  15.64   1.00
818.00  -64.67 -109.22  16.19   1.00
819.00  -68.43 -106.61  17.09   1.00
820.00  -71.96 -103.83  18.34   1.00
821.00  -75.21 -100.90  19.93   1.00
822.00  -78.17 -97.84  21.84   1.00
823.00  -80.79 -94.68  24.05   1.00
824.00  -83.06 -91.47  26.55   1.00
825.00  -84.95 -88.22  29.30   1.00
826.00  -86.45 -84.96  32.28   1.00
827.00  -87.54 -81.74  35.47   1.00
828.00  -88.21 -78.58  38.83   1.00
829.00  -88.46 -75.50  42.33   1.00
830.00  -88.27 -72.55  45.93   1.00
831.00  -87.66 -69.75  49.60   1.00
832.00  -86.63 -67.12  53.31   1.00
833.00  -51.41   9.59  80.04   0.00
834.00  -47.19   9.36  82.01   1.00
835.00  -43.00   8.67  83.94   1.00
836.00  -38.88   7.54  85.81   1.00
837.00  -34.88   5.97  87.60   1.00
838.00  -31.02   3.98  89.31   1.00
839.00  -27.36   1.58  90.90   1.00
840.00  -23.91  -1.19  92.37   1.00
841.00  -20.72  -4.32  93.71   1.00
842.00  -17.82  -7.77  94.89   1.00
843.00  -15.24 -11.51  95.91   1.00
844.00  -12.99 -15.51  96.76   1.00
845.00  -11.10 -19.71  97.43   1.00
846.00   -9.60 -24.10  97.91   1.00
847.00   -8.48 -28.62  98.21   1.00
848.00   -7.77 -33.22  98.30   1.00
849.00   -7.48 -37.87  98.21   1.00
850.00   -7.59 -42.52  97.91   1.00
851.00   -8.12 -47.13  97.43   1.00
852.00   -9.06 -51.65  96.76   1.00
853.00  -10.40 -56.03  95.91   1.00
854.00  -12.12 -60.24  94.89   1.00
855.00  -14.22 -64.23  93.71   1.00
856.00  -16.66 -67.97  92.37   1.00
857.00  -19.43 -71.42  90.90   1.00
858.00  -22.49 -74.55  89.31   1.00
859.00  -25.83 -77.32  87.60   1.00
860.00  -29.40 -79.72  85.81   1.00
861.00  -33.18 -81.71  83.94   1.00
862.00  -37.13 -83.27  82.01   1.00
863.00  -41.20 -84.40  80.04   1.00
864.00  -45.36 -85.09  78.06   1.00
865.00  -49.57 -85.31  76.07   1.00
866.00  -53.79 -85.08  74.11   1.00
867.00  -57.98 -84.40  72.18   1.00
868.00  -62.10 -83.27  70.31   1.00
869.00  -66.10 -81.70  68.52   1.00
870.00  -69.96 -79.71  66.81   1.00
871.00  -73.63 -77.31  65.22   1.00
872.00  -77.07 -74.54  63.74   1.00
873.00  -80.26 -71.41  62.41   1.00
874.00  -83.16 -67.96  61.23   1.00
875.00  -85.75 -64.22  60.20   1.00
876.00  -88.00 -60.22  59.36   1.00
877.00  -89.88 -56.01  58.69   1.00
878.00  -91.39 -51.63  58.20   1.00
879.00  -92.50 -47.11  57.91   1.00
880.00  -93.21 -42.51  57.81   1.00
881.00  -93.51 -37.85  57.91   1.00
882.00  -93.39 -33.20  58.20   1.00
883.00  -92.86 -28.60  58.69   1.00
884.00  -91.92 -24.08  59.36   1.00
885.00  -90.58 -19.70  60.20   1.00
886.00  -88.86 -15.49  61.23   1.00
887.00  -86.77 -11.49  62.41   1.00
888.00  -84.33  -7.75  63.74   1.00
889.00  -81.56  -4.31  65.22   1.00
890.00  -78.49  -1.18  66.81   1.00
891.00  -75.15   1.59  68.52   1.00
892.00  -71.58   3.99  70.31   1.00
893.00  -67.80   5.98  72.18   1.00
894.00  -63.86   7.55  74.11   1.00
895.00  -59.78   8.68  76.07   1.00
896.00  -55.62   9.36  78.06   1.00
897.00   52.82 -69.28  81.56   0.00
898.00   48.53 -69.53  83.36   1.00
899.00   44.22 -69.34  85.13   1.00
900.00   39.93 -68.69  86.85   1.00
901.00   35.71 -67.59  88.50   1.00
902.00   31.60 -66.05  90.06   1.00
903.00   27.63 -64.09  91.52   1.00
904.00   23.84 -61.73  92.88   1.00
905.00   20.28 -58.99  94.10   1.00
906.00   16.97 -55.89  95.19   1.00
907.00   13.94 -52.47  96.12   1.00
908.00   11.23 -48.76  96.90   1.00
909.00    8.87 -44.79  97.52   1.00
910.00    6.86 -40.61  97.96   1.00
911.00    5.24 -36.25  98.23   1.00
912.00    4.02 -31.75  98.32   1.00
913.00    3.21 -27.16  98.23   1.00
914.00    2.82 -22.52  97.96   1.00
915.00    2.85 -17.88  97.52   1.00
916.00    3.30 -13.28  96.90   1.00
917.00    4.17  -8.77  96.12   1.00
918.00    5.45  -4.39  95.19   1.00
919.00    7.13  -0.18  94.10   1.00
920.00    9.19   3.82  92.88   1.00
921.00   11.61   7.57  91.52   1.00
922.00   14.36  11.03  90.06   1.00
923.00   17.43  14.18  88.50   1.00
924.00   20.78  16.97  86.85   1.00
925.00   24.38  19.38  85.13   1.00
926.00   28.19  21.39  83.36   1.00
927.00   32.19  22.99  81.56   1.00
928.00   36.32  24.15  79.74   1.00
929.00   40.55  24.86  77.92   1.00
930.00   44.84  25.12  76.12   1.00
931.00   49.15  24.92  74.35   1.00
932.00   53.43  24.27  72.63   1.00
933.00   57.65  23.17  70.98   1.00
934.00   61.77  21.63  69.42   1.00
935.00   65.74  19.68  67.96   1.00
936.00   69.52  17.31  66.60   1.00
937.00   73.09  14.57  65.38   1.00
938.00   76.40  11.48  64.29   1.00
939.00   79.42   8.06  63.36   1.00
940.00   82.13   4.34  62.58   1.00
941.00   84.50   0.38  61.96   1.00
942.00   86.50  -3.81  61.52   1.00
943.00   88.13  -8.17  61.25   1.00
944.00   89.35 -12.67  61.16   1.00
945.00   90.16 -17.26  61.25   1.00
946.00   90.55 -21.90  61.52   1.00
947.00   90.52 -26.54  61.96   1.00
948.00   90.07 -31.13  62.58   1.00
949.00   89.19 -35.65  63.36   1.00
950.00   87.92 -40.03  64.29   1.00
951.00   86.24 -44.24  65.38   1.00
952.00   84.18 -48.24  66.60   1.00
953.00   81.76 -51.99  67.96   1.00
954.00   79.00 -55.45  69.42   1.00
955.00   75.94 -58.59  70.98   1.00
956.00   72.59 -61.38  72.63   1.00
957.00   68.99 -63.80  74.35   1.00
958.00   65.17 -65.81  76.12   1.00
959.00   61.18 -67.41  77.92   1.00
960.00   57.05 -68.56  79.74   1.00
961.00  -91.50  65.89 -77.18   0.00
962.00  -90.59  65.16 -81.69   1.00
963.00  -89.73  63.98 -86.12   1.00
964.00  -88.91  62.36 -90.42   1.00
965.00  -88.16  60.33 -94.54   1.00
966.00  -87.46  57.89 -98.46   1.00
967.00  -86.84  55.08 -102.12   1.00
968.00  -86.30  51.92 -105.50   1.00
969.00  -85.84  48.44 -108.57   1.00
970.00  -85.46  44.67 -111.29   1.00
971.00  -85.18  40.65 -113.63   1.00
972.00  -84.99  36.42 -115.58   1.00
973.00  -84.89  32.02 -117.12   1.00
974.00  -84.89  27.50 -118.23   1.00
975.00  -84.99  22.88 -118.90   1.00
976.00  -85.18  18.23 -119.12   1.00
977.00  -85.46  13.58 -118.90   1.00
978.00  -85.84   8.99 -118.23   1.00
979.00  -86.30   4.48 -117.12   1.00
980.00  -86.84   0.12 -115.58   1.00
981.00  -87.46  -4.07 -113.63   1.00
982.00  -88.16  -8.04 -111.29   1.00
983.00  -88.91 -11.75 -108.57   1.00
984.00  -89.73 -15.17 -105.50   1.00
985.00  -90.59 -18.26 -102.12   1.00
986.00  -91.49 -20.99 -98.46   1.00
987.00  -92.43 -23.34 -94.54   1.00
988.00  -93.39 -25.29 -90.42   1.00
989.00  -94.36 -26.81 -86.12   1.00
990.00  -95.34 -27.90 -81.69   1.00
991.00  -96.32 -28.53 -77.18   1.00
992.00  -97.28 -28.71 -72.62   1.00
993.00  -98.21 -28.44 -68.06   1.00
994.00  -99.12 -27.70 -63.55   1.00
995.00  -99.98 -26.53 -59.12   1.00
996.00  -100.80 -24.91 -54.83   1.00
997.00  -101.55 -22.88 -50.70   1.00
998.00  -102.25 -20.44 -46.79   1.00
999.00  -102.87 -17.63 -43.12   1.00
1000.00  -103.41 -14.47 -39.74   1.00
1001.00  -103.87 -10.99 -36.68   1.00
1002.00  -104.25  -7.22 -33.96   1.00
1003.00  -104.53  -3.20 -31.61   1.00
1004.00  -104.72   1.03 -29.66   1.00
1005.00  -104.82   5.43 -28.12   1.00
1006.00  -104.82   9.96 -27.01   1.00
1007.00  -104.72  14.57 -26.34   1.00
1008.00  -104.53  19.22 -26.12   1.00
1009.00  -104.25  23.87 -26.34   1.00
1010.00  -103.87  28.47 -27.01   1.00
1011.00  -103.41  32.97 -28.12   1.00
1012.00  -102.87  37.34 -29.66   1.00
1013.00  -102.25  41.52 -31.61   1.00
1014.00  -101.55  45.49 -33.96   1.00
1015.00  -100.80  49.20 -36.68   1.00
1016.00  -99.98  52.62 -39.74   1.00
1017.00  -99.12  55.71 -43.12   1.00
1018.00  -98.22  58.44 -46.79   1.00
1019.00  -97.28  60.80 -50.70   1.00
1020.00  -96.32  62.74 -54.83   1.00
1021.00  -95.35  64.26 -59.12   1.00
1022.00  -94.37  65.35 -63.55   1.00
1023.00  -93.39  65.98 -68.06   1.00
1024.00  -92.43  66.16 -72.62   1.00
1025.00  -95.72  61.38  -2.33   0.00
1026.00  -95.40  60.68   2.27   1.00
1027.00  -95.10  59.54   6.78   1.00
1028.00  -94.83  57.96  11.16   1.00
1029.00  -94.58  55.96  15.36   1.00
1030.00  -94.36  53.55  19.35   1.00
1031.00  -94.18  50.76  23.08   1.00
1032.00  -94.03  47.63  26.52   1.00
1033.00  -93.92  44.17  29.65   1.00
1034.00  -93.84  40.42  32.41   1.00
1035.00  -93.80  36.42  34.80   1.00
1036.00  -93.79  32.20  36.79   1.00
1037.00  -93.83  27.81  38.36   1.00
1038.00  -93.90  23.29  39.49   1.00
1039.00  -94.01  18.68  40.17   1.00
1040.00  -94.15  14.02  40.40   1.00
1041.00  -94.33   9.37  40.17   1.00
1042.00  -94.54   4.77  39.49   1.00
1043.00  -94.78   0.25  38.36   1.00
1044.00  -95.05  -4.13  36.79   1.00
1045.00  -95.34  -8.34  34.80   1.00
1046.00  -95.66 -12.33  32.41   1.00
1047.00  -95.99 -16.06  29.65   1.00
1048.00  -96.34 -19.51  26.52   1.00
1049.00  -96.71 -22.63  23.08   1.00
1050.00  -97.08 -25.39  19.35   1.00
1051.00  -97.46 -27.78  15.36   1.00
1052.00  -97.85 -29.76  11.16   1.00
1053.00  -98.23 -31.32   6.78   1.00
1054.00  -98.60 -32.44   2.27   1.00
1055.00  -98.97 -33.11  -2.33   1.00
1056.00  -99.32 -33.33  -6.97   1.00
1057.00  -99.66 -33.09 -11.61   1.00
1058.00  -99.98 -32.39 -16.21   1.00
1059.00  -100.28 -31.25 -20.72   1.00
1060.00  -100.55 -29.67 -25.10   1.00
1061.00  -100.80 -27.66 -29.30   1.00
1062.00  -101.02 -25.26 -33.29   1.00
1063.00  -101.20 -22.47 -37.02   1.00
1064.00  -101.35 -19.34 -40.46   1.00
1065.00  -101.46 -15.88 -43.59   1.00
1066.00  -101.54 -12.13 -46.35   1.00
1067.00  -101.58  -8.12 -48.74   1.00
1068.00  -101.59  -3.91 -50.73   1.00
1069.00  -101.55   0.48 -52.30   1.00
1070.00  -101.48   5.00 -53.43   1.00
1071.00  -101.37   9.61 -54.11   1.00
1072.00  -101.23  14.27 -54.34   1.00
1073.00  -101.05  18.92 -54.11   1.00
1074.00  -100.84  23.53 -53.43   1.00
1075.00  -100.60  28.04 -52.30   1.00
1076.00  -100.33  32.43 -50.73   1.00
1077.00  -100.04  36.63 -48.74   1.00
1078.00  -99.72  40.62 -46.35   1.00
1079.00  -99.39  44.36 -43.59   1.00
1080.00  -99.04  47.80 -40.46   1.00
1081.00  -98.67  50.92 -37.02   1.00
1082.00  -98.30  53.69 -33.29   1.00
1083.00  -97.92  56.07 -29.30   1.00
1084.00  -97.53  58.05 -25.10   1.00
1085.00  -97.15  59.61 -20.72   1.00
1086.00  -96.78  60.73 -16.21   1.00
1087.00  -96.41  61.40 -11.61   1.00
1088.00  -96.06  61.62  -6.97   1.00
1089.00  -78.80  56.56  52.94   0.00
1090.00  -76.23  55.78  56.74   1.00
1091.00  -73.72  54.55  60.47   1.00
1092.00  -71.30  52.88  64.10   1.00
1093.00  -69.00  50.80  67.57   1.00
1094.00  -66.83  48.32  70.87   1.00
1095.00  -64.83  45.46  73.96   1.00
1096.00  -63.00  42.26  76.81   1.00
1097.00  -61.37  38.74  79.40   1.00
1098.00  -59.94  34.93  81.69   1.00
1099.00  -58.75  30.89  83.66   1.00
1100.00  -57.78  26.63  85.31   1.00
1101.00  -57.07  22.21  86.61   1.00
1102.00  -56.60  17.67  87.54   1.00
1103.00  -56.39  13.05  88.10   1.00
1104.00  -56.44   8.39  88.29   1.00
1105.00  -56.75   3.74  88.10   1.00
1106.00  -57.32  -0.85  87.54   1.00
1107.00  -58.13  -5.34  86.61   1.00
1108.00  -59.19  -9.70  85.31   1.00
1109.00  -60.47 -13.86  83.66   1.00
1110.00  -61.98 -17.81  81.69   1.00
1111.00  -63.69 -21.49  79.40   1.00
1112.00  -65.59 -24.87  76.81   1.00
1113.00  -67.66 -27.92  73.96   1.00
1114.00  -69.88 -30.62  70.87   1.00
1115.00  -72.23 -32.92  67.57   1.00
1116.00  -74.69 -34.82  64.10   1.00
1117.00  -77.22 -36.30  60.47   1.00
1118.00  -79.82 -37.33  56.74   1.00
1119.00  -82.45 -37.91  52.94   1.00
1120.00  -85.09 -38.04  49.10   1.00
1121.00  -87.70 -37.71  45.25   1.00
1122.00  -90.28 -36.93  41.45   1.00
1123.00  -92.79 -35.70  37.72   1.00
1124.00  -95.21 -34.03  34.10   1.00
1125.00  -97.51 -31.95  30.62   1.00
1126.00  -99.67 -29.47  27.32   1.00
1127.00  -101.68 -26.61  24.23   1.00
1128.00  -103.51 -23.41  21.38   1.00
1129.00  -105.14 -19.89  18.80   1.00
1130.00  -106.56 -16.08  16.50   1.00
1131.00  -107.76 -12.04  14.53   1.00
1132.00  -108.72  -7.78  12.88   1.00
1133.00  -109.44  -3.36  11.59   1.00
1134.00  -109.91   1.18  10.65   1.00
1135.00  -110.11   5.80  10.09   1.00
1136.00  -110.06  10.46   9.90   1.00
1137.00  -109.75  15.11  10.09   1.00
1138.00  -109.19  19.70  10.65   1.00
1139.00  -108.38  24.19  11.59   1.00
1140.00  -107.32  28.55  12.88   1.00
1141.00  -106.03  32.71  14.53   1.00
1142.00  -104.53  36.66  16.50   1.00
1143.00  -102.81  40.34  18.80   1.00
1144.00  -100.91  43.72  21.38   1.00
1145.00  -98.84  46.77  24.23   1.00
1146.00  -96.62  49.47  27.32   1.00
1147.00  -94.27  51.77  30.62   1.00
1148.00  -91.82  53.67  34.10   1.00
1149.00  -89.28  55.15  37.72   1.00
1150.00  -86.69  56.18  41.45   1.00
1151.00  -84.06  56.76  45.25   1.00
1152.00  -81.42  56.89  49.10   1.00
1153.00    7.67  56.82  83.27   0.00
1154.00    9.58  53.05  85.22   1.00
1155.00   11.07  49.07  87.14   1.00
1156.00   12.14  44.93  89.00   1.00
1157.00   12.78  40.67  90.79   1.00
1158.00   12.97  36.34  92.49   1.00
1159.00   12.72  31.96  94.08   1.00
1160.00   12.03  27.59  95.54   1.00
1161.00   10.91  23.27  96.87   1.00
1162.00    9.37  19.03  98.05   1.00
1163.00    7.41  14.92  99.07   1.00
1164.00    5.07  10.98  99.91   1.00
1165.00    2.36   7.25 100.58   1.00
1166.00   -0.70   3.76 101.06   1.00
1167.00   -4.06   0.54 101.35   1.00
1168.00   -7.70  -2.37 101.45   1.00
1169.00  -11.58  -4.94 101.35   1.00
1170.00  -15.68  -7.15 101.06   1.00
1171.00  -19.94  -8.99 100.58   1.00
1172.00  -24.32 -10.42  99.91   1.00
1173.00  -28.79 -11.44  99.07   1.00
1174.00  -33.30 -12.04  98.05   1.00
1175.00  -37.81 -12.21  96.87   1.00
1176.00  -42.27 -11.96  95.54   1.00
1177.00  -46.64 -11.27  94.08   1.00
1178.00  -50.88 -10.16  92.49   1.00
1179.00  -54.95  -8.65  90.79   1.00
1180.00  -58.80  -6.74  89.00   1.00
1181.00  -62.41  -4.45  87.14   1.00
1182.00  -65.74  -1.81  85.22   1.00
1183.00  -68.75   1.17  83.27   1.00
1184.00  -71.42   4.44  81.29   1.00
1185.00  -73.71   7.98  79.31   1.00
1186.00  -75.62  11.76  77.36   1.00
1187.00  -77.11  15.73  75.44   1.00
1188.00  -78.18  19.87  73.58   1.00
1189.00  -78.82  24.13  71.79   1.00
1190.00  -79.01  28.47  70.09   1.00
1191.00  -78.76  32.84  68.50   1.00
1192.00  -78.07  37.21  67.04   1.00
1193.00  -76.95  41.54  65.71   1.00
1194.00  -75.41  45.77  64.53   1.00
1195.00  -73.45  49.88  63.51   1.00
1196.00  -71.11  53.82  62.67   1.00
1197.00  -68.40  57.55  62.00   1.00
1198.00  -65.34  61.05  61.52   1.00
1199.00  -61.98  64.26  61.23   1.00
1200.00  -58.34  67.17  61.13   1.00
1201.00  -54.46  69.74  61.23   1.00
1202.00  -50.36  71.96  61.52   1.00
1203.00  -46.10  73.79  62.00   1.00
1204.00  -41.72  75.22  62.67   1.00
1205.00  -37.25  76.25  63.51   1.00
1206.00  -32.74  76.85  64.53   1.00
1207.00  -28.23  77.02  65.71   1.00
1208.00  -23.77  76.76  67.04   1.00
1209.00  -19.40  76.07  68.50   1.00
1210.00  -15.16  74.97  70.09   1.00
1211.00  -11.09  73.45  71.79   1.00
1212.00   -7.24  71.54  73.58   1.00
1213.00   -3.63  69.25  75.44   1.00
1214.00   -0.30  66.61  77.36   1.00
1215.00    2.71  63.64  79.31   1.00
1216.00    5.38  60.37  81.29   1.00
1217.00  -47.83 -11.87 101.22   0.00
1218.00  -47.15  -7.27 101.47   1.00
1219.00  -46.01  -2.75 101.72   1.00
1220.00  -44.44   1.63 101.97   1.00
1221.00  -42.45   5.84 102.20   1.00
1222.00  -40.05   9.83 102.42   1.00
1223.00  -37.28  13.57 102.62   1.00
1224.00  -34.15  17.01 102.82   1.00
1225.00  -30.69  20.14 102.99   1.00
1226.00  -26.95  22.91 103.14   1.00
1227.00  -22.95  25.31 103.27   1.00
1228.00  -18.74  27.30 103.38   1.00
1229.00  -14.35  28.86 103.47   1.00
1230.00   -9.83  29.99 103.53   1.00
1231.00   -5.22  30.68 103.57   1.00
1232.00   -0.56  30.91 103.58   1.00
1233.00    4.10  30.68 103.57   1.00
1234.00    8.71  29.99 103.53   1.00
1235.00   13.23  28.86 103.47   1.00
1236.00   17.62  27.30 103.38   1.00
1237.00   21.83  25.31 103.27   1.00
1238.00   25.83  22.91 103.14   1.00
1239.00   29.57  20.14 102.99   1.00
1240.00   33.03  17.01 102.82   1.00
1241.00   36.16  13.57 102.62   1.00
1242.00   38.93   9.83 102.42   1.00
1243.00   41.33   5.84 102.20   1.00
1244.00   43.32   1.63 101.97   1.00
1245.00   44.89  -2.75 101.72   1.00
1246.00   46.03  -7.27 101.47   1.00
1247.00   46.71 -11.87 101.22   1.00
1248.00   46.94 -16.52 100.96   1.00
1249.00   46.71 -21.17 100.71   1.00
1250.00   46.03 -25.77 100.45   1.00
1251.00   44.89 -30.29 100.20   1.00
1252.00   43.32 -34.67  99.96   1.00
1253.00   41.33 -38.88  99.73   1.00
1254.00   38.93 -42.87  99.51   1.00
1255.00   36.16 -46.61  99.30   1.00
1256.00   33.03 -50.06  99.11   1.00
1257.00   29.57 -53.18  98.94   1.00
1258.00   25.83 -55.96  98.79   1.00
1259.00   21.83 -58.35  98.66   1.00
1260.00   17.62 -60.34  98.55   1.00
1261.00   13.23 -61.91  98.46   1.00
1262.00    8.71 -63.04  98.40   1.00
1263.00    4.10 -63.72  98.36   1.00
1264.00   -0.56 -63.95  98.35   1.00
1265.00   -5.22 -63.72  98.36   1.00
1266.00   -9.83 -63.04  98.40   1.00
1267.00  -14.35 -61.91  98.46   1.00
1268.00  -18.74 -60.34  98.55   1.00
1269.00  -22.95 -58.35  98.66   1.00
1270.00  -26.95 -55.96  98.79   1.00
1271.00  -30.69 -53.18  98.94   1.00
1272.00  -34.15 -50.06  99.11   1.00
1273.00  -37.28 -46.61  99.30   1.00
1274.00  -40.05 -42.87  99.51   1.00
1275.00  -42.45 -38.88  99.73   1.00
1276.00  -44.44 -34.67  99.96   1.00
1277.00  -46.01 -30.29 100.20   1.00
1278.00  -47.15 -25.77 100.45   1.00
1279.00  -47.83 -21.17 100.71   1.00
1280.00  -48.06 -16.52 100.96   1.00
1281.00   61.14  -6.11  84.81   0.00
1282.00   57.68  -8.73  86.52   1.00
1283.00   53.96 -10.97  88.20   1.00
1284.00   50.00 -12.82  89.83   1.00
1285.00   45.85 -14.27  91.39   1.00
1286.00   41.55 -15.29  92.87   1.00
1287.00   37.14 -15.87  94.26   1.00
1288.00   32.66 -16.02  95.54   1.00
1289.00   28.15 -15.72  96.70   1.00
1290.00   23.67 -14.99  97.73   1.00
1291.00   19.24 -13.82  98.62   1.00
1292.00   14.92 -12.24  99.36   1.00
1293.00   10.75 -10.25  99.94   1.00
1294.00    6.75  -7.88 100.36   1.00
1295.00    2.99  -5.15 100.61   1.00
1296.00   -0.52  -2.07 100.70   1.00
1297.00   -3.73   1.30 100.61   1.00
1298.00   -6.61   4.96 100.36   1.00
1299.00   -9.15   8.85  99.94   1.00
1300.00  -11.30  12.94  99.36   1.00
1301.00  -13.06  17.19  98.62   1.00
1302.00  -14.40  21.57  97.73   1.00
1303.00  -15.32  26.02  96.70   1.00
1304.00  -15.79  30.51  95.54   1.00
1305.00  -15.83  34.99  94.26   1.00
1306.00  -15.43  39.42  92.87   1.00
1307.00  -14.58  43.76  91.39   1.00
1308.00  -13.31  47.96  89.83   1.00
1309.00  -11.62  51.99  88.20   1.00
1310.00   -9.53  55.81  86.52   1.00
1311.00   -7.05  59.37  84.81   1.00
1312.00   -4.22  62.65  83.09   1.00
1313.00   -1.06  65.61  81.36   1.00
1314.00    2.39  68.22  79.65   1.00
1315.00    6.12  70.47  77.98   1.00
1316.00   10.08  72.32  76.35   1.00
1317.00   14.22  73.76  74.79   1.00
1318.00   18.53  74.78  73.30   1.00
1319.00   22.94  75.37  71.92   1.00
1320.00   27.42  75.51  70.64   1.00
1321.00   31.92  75.22  69.48   1.00
1322.00   36.41  74.48  68.45   1.00
1323.00   40.83  73.32  67.56   1.00
1324.00   45.16  71.74  66.82   1.00
1325.00   49.33  69.75  66.24   1.00
1326.00   53.32  67.37  65.82   1.00
1327.00   57.09  64.64  65.56   1.00
1328.00   60.59  61.57  65.48   1.00
1329.00   63.80  58.19  65.56   1.00
1330.00   66.69  54.54  65.82   1.00
1331.00   69.22  50.65  66.24   1.00
1332.00   71.38  46.56  66.82   1.00
1333.00   73.14  42.30  67.56   1.00
1334.00   74.48  37.93  68.45   1.00
1335.00   75.39  33.47  69.48   1.00
1336.00   75.87  28.98  70.64   1.00
1337.00   75.91  24.50  71.92   1.00
1338.00   75.50  20.07  73.30   1.00
1339.00   74.66  15.73  74.79   1.00
1340.00   73.39  11.53  76.35   1.00
1341.00   71.69   7.50  77.98   1.00
1342.00   69.60   3.69  79.65   1.00
1343.00   67.13   0.13  81.36   1.00
1344.00   64.30  -3.15  83.09   1.00
1345.00   78.82 -41.81  58.30   0.00
1346.00   76.19 -41.23  62.10   1.00
1347.00   73.59 -40.20  65.83   1.00
1348.00   71.05 -38.72  69.46   1.00
1349.00   68.60 -36.82  72.93   1.00
1350.00   66.25 -34.52  76.23   1.00
1351.00   64.03 -31.82  79.32   1.00
1352.00   61.96 -28.77  82.17   1.00
1353.00   60.06 -25.39  84.75   1.00
1354.00   58.35 -21.71  87.05   1.00
1355.00   56.84 -17.76  89.02   1.00
1356.00   55.55 -13.60  90.67   1.00
1357.00   54.50  -9.25  91.96   1.00
1358.00   53.68  -4.75  92.90   1.00
1359.00   53.12  -0.16  93.46   1.00
1360.00   52.81   4.49  93.65   1.00
1361.00   52.76   9.15  93.46   1.00
1362.00   52.97  13.77  92.90   1.00
1363.00   53.43  18.31  91.96   1.00
1364.00   54.15  22.73  90.67   1.00
1365.00   55.11  26.98  89.02   1.00
1366.00   56.31  31.03  87.05   1.00
1367.00   57.73  34.83  84.75   1.00
1368.00   59.37  38.35  82.17   1.00
1369.00   61.20  41.56  79.32   1.00
1370.00   63.20  44.41  76.23   1.00
1371.00   65.37  46.90  72.93   1.00
1372.00   67.67  48.98  69.46   1.00
1373.00   70.08  50.64  65.83   1.00
1374.00   72.59  51.87  62.10   1.00
1375.00   75.17  52.66  58.30   1.00
1376.00   77.79  52.99  54.46   1.00
1377.00   80.43  52.86  50.61   1.00
1378.00   83.05  52.28  46.81   1.00
1379.00   85.65  51.24  43.08   1.00
1380.00   88.19  49.77  39.45   1.00
1381.00   90.64  47.87  35.98   1.00
1382.00   92.99  45.56  32.68   1.00
1383.00   95.21  42.87  29.59   1.00
1384.00   97.28  39.82  26.74   1.00
1385.00   99.18  36.43  24.16   1.00
1386.00  100.89  32.75  21.86   1.00
1387.00  102.40  28.81  19.89   1.00
1388.00  103.69  24.64  18.24   1.00
1389.00  104.74  20.29  16.95   1.00
1390.00  105.56  15.80  16.01   1.00
1391.00  106.12  11.21  15.45   1.00
1392.00  106.43   6.56  15.26   1.00
1393.00  106.48   1.90  15.45   1.00
1394.00  106.27  -2.72  16.01   1.00
1395.00  105.81  -7.26  16.95   1.00
1396.00  105.09 -11.68  18.24   1.00
1397.00  104.13 -15.94  19.89   1.00
1398.00  102.93 -19.99  21.86   1.00
1399.00  101.51 -23.79  24.16   1.00
1400.00   99.87 -27.31  26.74   1.00
1401.00   98.05 -30.51  29.59   1.00
1402.00   96.04 -33.37  32.68   1.00
1403.00   93.88 -35.85  35.98   1.00
1404.00   91.57 -37.93  39.45   1.00
1405.00   89.16 -39.60  43.08   1.00
1406.00   86.65 -40.83  46.81   1.00
1407.00   84.07 -41.61  50.61   1.00
1408.00   81.45 -41.94  54.45   1.00
1409.00   98.09 -36.14  -2.57   0.00
1410.00   97.77 -35.46   2.03   1.00
1411.00   97.44 -34.33   6.54   1.00
1412.00   97.12 -32.77  10.92   1.00
1413.00   96.80 -30.78  15.12   1.00
1414.00   96.49 -28.39  19.11   1.00
1415.00   96.20 -25.61  22.84   1.00
1416.00   95.91 -22.49  26.29   1.00
1417.00   95.65 -19.04  29.41   1.00
1418.00   95.40 -15.30  32.18   1.00
1419.00   95.18 -11.30  34.57   1.00
1420.00   94.98  -7.09  36.56   1.00
1421.00   94.81  -2.70  38.13   1.00
1422.00   94.66   1.82  39.26   1.00
1423.00   94.55   6.43  39.94   1.00
1424.00   94.46  11.08  40.17   1.00
1425.00   94.41  15.74  39.94   1.00
1426.00   94.38  20.35  39.26   1.00
1427.00   94.39  24.87  38.13   1.00
1428.00   94.43  29.26  36.56   1.00
1429.00   94.51  33.48  34.57   1.00
1430.00   94.61  37.48  32.18   1.00
1431.00   94.74  41.22  29.41   1.00
1432.00   94.90  44.68  26.29   1.00
1433.00   95.09  47.81  22.84   1.00
1434.00   95.31  50.60  19.11   1.00
1435.00   95.54  53.00  15.12   1.00
1436.00   95.80  54.99  10.92   1.00
1437.00   96.08  56.57   6.54   1.00
1438.00   96.37  57.70   2.03   1.00
1439.00   96.67  58.39  -2.57   1.00
1440.00   96.99  58.63  -7.22   1.00
1441.00   97.31  58.40 -11.86   1.00
1442.00   97.63  57.72 -16.46   1.00
1443.00   97.96  56.60 -20.98   1.00
1444.00   98.28  55.03 -25.35   1.00
1445.00   98.60  53.04 -29.56   1.00
1446.00   98.91  50.65 -33.55   1.00
1447.00   99.20  47.88 -37.28   1.00
1448.00   99.49  44.75 -40.73   1.00
1449.00   99.75  41.30 -43.85   1.00
1450.00  100.00  37.56 -46.62   1.00
1451.00  100.22  33.56 -49.01   1.00
1452.00  100.42  29.35 -51.00   1.00
1453.00  100.59  24.97 -52.57   1.00
1454.00  100.74  20.45 -53.70   1.00
1455.00  100.85  15.84 -54.38   1.00
1456.00  100.94  11.18 -54.61   1.00
1457.00  100.99   6.53 -54.38   1.00
1458.00  101.02   1.91 -53.70   1.00
1459.00  101.01  -2.61 -52.57   1.00
1460.00  100.97  -7.00 -51.00   1.00
1461.00  100.89 -11.21 -49.01   1.00
1462.00  100.79 -15.21 -46.62   1.00
1463.00  100.66 -18.96 -43.85   1.00
1464.00  100.50 -22.42 -40.73   1.00
1465.00  100.31 -25.55 -37.28   1.00
1466.00  100.09 -28.33 -33.55   1.00
1467.00   99.86 -30.73 -29.56   1.00
1468.00   99.60 -32.73 -25.35   1.00
1469.00   99.32 -34.30 -20.98   1.00
1470.00   99.03 -35.44 -16.46   1.00
1471.00   98.73 -36.13 -11.86   1.00
1472.00   98.41 -36.36  -7.22   1.00
1473.00   96.12 -31.89 -79.75   0.00
1474.00   95.14 -31.26 -84.26   1.00
1475.00   94.16 -30.18 -88.69   1.00
1476.00   93.17 -28.66 -92.98   1.00
1477.00   92.20 -26.72 -97.11   1.00
1478.00   91.25 -24.38 -101.02   1.00
1479.00   90.33 -21.65 -104.69   1.00
1480.00   89.45 -18.56 -108.07   1.00
1481.00   88.62 -15.15 -111.14   1.00
1482.00   87.84 -11.44 -113.85   1.00
1483.00   87.12  -7.48 -116.20   1.00
1484.00   86.48  -3.30 -118.15   1.00
1485.00   85.91   1.07 -119.69   1.00
1486.00   85.42   5.57 -120.80   1.00
1487.00   85.02  10.16 -121.47   1.00
1488.00   84.70  14.81 -121.69   1.00
1489.00   84.48  19.46 -121.47   1.00
1490.00   84.36  24.07 -120.80   1.00
1491.00   84.33  28.60 -119.69   1.00
1492.00   84.40  33.00 -118.15   1.00
1493.00   84.57  37.23 -116.20   1.00
1494.00   84.83  41.25 -113.85   1.00
1495.00   85.18  45.02 -111.14   1.00
1496.00   85.62  48.50 -108.07   1.00
1497.00   86.15  51.67 -104.69   1.00
1498.00   86.75  54.48 -101.02   1.00
1499.00   87.43  56.92 -97.11   1.00
1500.00   88.17  58.96 -92.98   1.00
1501.00   88.98  60.58 -88.69   1.00
1502.00   89.83  61.76 -84.26   1.00
1503.00   90.73  62.50 -79.75   1.00
1504.00   91.67  62.78 -75.19   1.00
1505.00   92.63  62.61 -70.63   1.00
1506.00   93.60  61.98 -66.12   1.00
1507.00   94.59  60.90 -61.69   1.00
1508.00   95.57  59.39 -57.39   1.00
1509.00   96.54  57.44 -53.27   1.00
1510.00   97.50  55.10 -49.35   1.00
1511.00   98.42  52.37 -45.69   1.00
1512.00   99.30  49.28 -42.31   1.00
1513.00  100.13  45.87 -39.24   1.00
1514.00  100.91  42.17 -36.52   1.00
1515.00  101.63  38.20 -34.18   1.00
1516.00  102.27  34.02 -32.23   1.00
1517.00  102.84  29.66 -30.69   1.00
1518.00  103.33  25.15 -29.58   1.00
1519.00  103.73  20.56 -28.91   1.00
1520.00  104.04  15.91 -28.69   1.00
1521.00  104.26  11.26 -28.91   1.00
1522.00  104.39   6.65 -29.58   1.00
1523.00  104.41   2.12 -30.69   1.00
1524.00  104.34  -2.28 -32.23   1.00
1525.00  104.18  -6.51 -34.18   1.00
1526.00  103.92 -10.53 -36.52   1.00
1527.00  103.57 -14.30 -39.24   1.00
1528.00  103.13 -17.78 -42.31   1.00
1529.00  102.60 -20.95 -45.69   1.00
1530.00  102.00 -23.76 -49.35   1.00
1531.00  101.32 -26.20 -53.27   1.00
1532.00  100.58 -28.24 -57.39   1.00
1533.00   99.77 -29.86 -61.69   1.00
1534.00   98.92 -31.04 -66.12   1.00
1535.00   98.02 -31.78 -70.63   1.00
1536.00   97.08 -32.06 -75.19   1.00
1537.00  -60.86 112.51 -35.58   0.00
1538.00  -61.10 111.86 -30.97   1.00
1539.00  -61.55 110.82 -26.45   1.00
1540.00  -62.22 109.39 -22.06   1.00
1541.00  -63.10 107.60 -17.85   1.00
1542.00  -64.18 105.46 -13.85   1.00
1543.00  -65.45 102.99 -10.11   1.00
1544.00  -66.89 100.21  -6.66   1.00
1545.00  -68.49  97.15  -3.53   1.00
1546.00  -70.24  93.84  -0.75   1.00
1547.00  -72.13  90.31   1.64   1.00
1548.00  -74.12  86.60   3.64   1.00
1549.00  -76.21  82.74   5.21   1.00
1550.00  -78.37  78.76   6.34   1.00
1551.00  -80.58  74.72   7.02   1.00
1552.00  -82.82  70.64   7.25   1.00
1553.00  -85.07  66.56   7.02   1.00
1554.00  -87.31  62.53   6.34   1.00
1555.00  -89.51  58.58   5.21   1.00
1556.00  -91.66  54.76   3.64   1.00
1557.00  -93.74  51.09   1.64   1.00
1558.00  -95.71  47.61  -0.75   1.00
1559.00  -97.58  44.36  -3.53   1.00
1560.00  -99.30  41.37  -6.66   1.00
1561.00  -100.88  38.67 -10.11   1.00
1562.00  -102.30  36.28 -13.85   1.00
1563.00  -103.53  34.22 -17.85   1.00
1564.00  -104.58  32.52 -22.06   1.00
1565.00  -105.42  31.19 -26.45   1.00
1566.00  -106.06  30.25 -30.97   1.00
1567.00  -106.48  29.70 -35.58   1.00
1568.00  -106.68  29.55 -40.24   1.00
1569.00  -106.66  29.80 -44.89   1.00
1570.00  -106.43  30.45 -49.50   1.00
1571.00  -105.97  31.49 -54.02   1.00
1572.00  -105.30  32.92 -58.41   1.00
1573.00  -104.42  34.71 -62.62   1.00
1574.00  -103.34  36.85 -66.62   1.00
1575.00  -102.08  39.33 -70.36   1.00
1576.00  -100.63  42.10 -73.81   1.00
1577.00  -99.03  45.16 -76.94   1.00
1578.00  -97.28  48.47 -79.72   1.00
1579.00  -95.40  52.00 -82.12   1.00
1580.00  -93.40  55.71 -84.11   1.00
1581.00  -91.32  59.58 -85.68   1.00
1582.00  -89.16  63.55 -86.81   1.00
1583.00  -86.94  67.59 -87.50   1.00
1584.00  -84.70  71.67 -87.72   1.00
1585.00  -82.45  75.75 -87.50   1.00
1586.00  -80.21  79.78 -86.81   1.00
1587.00  -78.01  83.73 -85.68   1.00
1588.00  -75.86  87.56 -84.11   1.00
1589.00  -73.79  91.22 -82.12   1.00
1590.00  -71.81  94.70 -79.72   1.00
1591.00  -69.95  97.95 -76.94   1.00
1592.00  -68.22 100.94 -73.81   1.00
1593.00  -66.64 103.64 -70.36   1.00
1594.00  -65.22 106.04 -66.62   1.00
1595.00  -63.99 108.09 -62.62   1.00
1596.00  -62.94 109.79 -58.41   1.00
1597.00  -62.10 111.12 -54.02   1.00
1598.00  -61.46 112.06 -49.50   1.00
1599.00  -61.04 112.61 -44.89   1.00
1600.00  -60.84 112.76 -40.24   1.00
1601.00  -37.71  98.88  34.73   0.00
1602.00  -36.71  97.12  38.93   1.00
1603.00  -36.04  95.04  43.05   1.00
1604.00  -35.70  92.67  47.04   1.00
1605.00  -35.69  90.02  50.88   1.00
1606.00  -36.01  87.13  54.52   1.00
1607.00  -36.65  84.01  57.93   1.00
1608.00  -37.62  80.71  61.08   1.00
1609.00  -38.90  77.25  63.93   1.00
1610.00  -40.49  73.67  66.46   1.00
1611.00  -42.35  70.00  68.64   1.00
1612.00  -44.49  66.28  70.45   1.00
1613.00  -46.87  62.53  71.88   1.00
1614.00  -49.48  58.81  72.92   1.00
1615.00  -52.28  55.14  73.54   1.00
1616.00  -55.25  51.55  73.75   1.00
1617.00  -58.37  48.09  73.54   1.00
1618.00  -61.60  44.79  72.92   1.00
1619.00  -64.92  41.68  71.88   1.00
1620.00  -68.28  38.79  70.45   1.00
1621.00  -71.66  36.14  68.64   1.00
1622.00  -75.02  33.76  66.46   1.00
1623.00  -78.34  31.68  63.93   1.00
1624.00  -81.58  29.92  61.08   1.00
1625.00  -84.71  28.48  57.93   1.00
1626.00  -87.69  27.39  54.52   1.00
1627.00  -90.51  26.66  50.88   1.00
1628.00  -93.13  26.30  47.04   1.00
1629.00  -95.53  26.29  43.05   1.00
1630.00  -97.68  26.66  38.93   1.00
1631.00  -99.57  27.39  34.73   1.00
1632.00  -101.17  28.47  30.49   1.00
1633.00  -102.48  29.91  26.25   1.00
1634.00  -103.47  31.67  22.05   1.00
1635.00  -104.14  33.75  17.93   1.00
1636.00  -104.49  36.12  13.94   1.00
1637.00  -104.50  38.77  10.10   1.00
1638.00  -104.18  41.66   6.46   1.00
1639.00  -103.53  44.77   3.05   1.00
1640.00  -102.56  48.07  -0.10   1.00
1641.00  -101.28  51.53  -2.95   1.00
1642.00  -99.70  55.11  -5.48   1.00
1643.00  -97.83  58.79  -7.66   1.00
1644.00  -95.70  62.51  -9.47   1.00
1645.00  -93.32  66.25 -10.90   1.00
1646.00  -90.71  69.98 -11.94   1.00
1647.00  -87.91  73.65 -12.56   1.00
1648.00  -84.93  77.23 -12.77   1.00
1649.00  -81.81  80.69 -12.56   1.00
1650.00  -78.58  84.00 -11.94   1.00
1651.00  -75.27  87.11 -10.90   1.00
1652.00  -71.91  90.00  -9.47   1.00
1653.00  -68.53  92.65  -7.66   1.00
1654.00  -65.16  95.03  -5.48   1.00
1655.00  -61.85  97.11  -2.95   1.00
1656.00  -58.61  98.87  -0.10   1.00
1657.00  -55.48 100.31   3.05   1.00
1658.00  -52.49 101.39   6.46   1.00
1659.00  -49.68 102.12  10.10   1.00
1660.00  -47.06 102.49  13.94   1.00
1661.00  -44.66 102.49  17.93   1.00
1662.00  -42.50 102.13  22.05   1.00
1663.00  -40.62 101.40  26.25   1.00
1664.00  -39.01 100.31  30.49   1.00
1665.00   46.80  82.95  55.95   0.00
1666.00   46.38  79.87  59.42   1.00
1667.00   45.51  76.80  62.82   1.00
1668.00   44.20  73.78  66.12   1.00
1669.00   42.46  70.84  69.29   1.00
1670.00   40.30  68.01  72.30   1.00
1671.00   37.75  65.31  75.11   1.00
1672.00   34.83  62.77  77.71   1.00
1673.00   31.57  60.41  80.06   1.00
1674.00   28.00  58.26  82.15   1.00
1675.00   24.16  56.34  83.96   1.00
1676.00   20.07  54.66  85.45   1.00
1677.00   15.79  53.25  86.64   1.00
1678.00   11.35  52.11  87.49   1.00
1679.00    6.80  51.26  88.00   1.00
1680.00    2.17  50.70  88.17   1.00
1681.00   -2.48  50.45  88.00   1.00
1682.00   -7.11  50.49  87.49   1.00
1683.00  -11.68  50.84  86.64   1.00
1684.00  -16.14  51.49  85.45   1.00
1685.00  -20.46  52.43  83.96   1.00
1686.00  -24.58  53.65  82.15   1.00
1687.00  -28.47  55.15  80.06   1.00
1688.00  -32.09  56.90  77.71   1.00
1689.00  -35.40  58.90  75.11   1.00
1690.00  -38.39  61.11  72.30   1.00
1691.00  -41.00  63.53  69.29   1.00
1692.00  -43.23  66.12  66.12   1.00
1693.00  -45.05  68.86  62.82   1.00
1694.00  -46.44  71.73  59.42   1.00
1695.00  -47.38  74.70  55.95   1.00
1696.00  -47.88  77.74  52.45   1.00
1697.00  -47.92  80.81  48.94   1.00
1698.00  -47.50  83.90  45.47   1.00
1699.00  -46.63  86.97  42.07   1.00
1700.00  -45.32  89.98  38.77   1.00
1701.00  -43.58  92.92  35.60   1.00
1702.00  -41.42  95.76  32.59   1.00
1703.00  -38.87  98.46  29.78   1.00
1704.00  -35.95 101.00  27.18   1.00
1705.00  -32.69 103.36  24.83   1.00
1706.00  -29.12 105.50  22.74   1.00
1707.00  -25.28 107.43  20.93   1.00
1708.00  -21.19 109.10  19.44   1.00
1709.00  -16.91 110.52  18.25   1.00
1710.00  -12.47 111.66  17.40   1.00
1711.00   -7.92 112.51  16.89   1.00
1712.00   -3.29 113.06  16.72   1.00
1713.00    1.36 113.32  16.89   1.00
1714.00    5.99 113.27  17.40   1.00
1715.00   10.56 112.92  18.25   1.00
1716.00   15.02 112.28  19.44   1.00
1717.00   19.34 111.34  20.93   1.00
1718.00   23.46 110.11  22.74   1.00
1719.00   27.35 108.62  24.83   1.00
1720.00   30.97 106.86  27.18   1.00
1721.00   34.28 104.87  29.78   1.00
1722.00   37.27 102.65  32.59   1.00
1723.00   39.88 100.24  35.60   1.00
1724.00   42.11  97.65  38.77   1.00
1725.00   43.93  94.90  42.07   1.00
1726.00   45.32  92.03  45.47   1.00
1727.00   46.26  89.07  48.94   1.00
1728.00   46.76  86.03  52.44   1.00
1729.00  100.79  28.49  34.70   0.00
1730.00   98.89  27.65  38.88   1.00
1731.00   96.71  27.16  42.97   1.00
1732.00   94.27  27.04  46.94   1.00
1733.00   91.60  27.27  50.75   1.00
1734.00   88.72  27.86  54.37   1.00
1735.00   85.66  28.80  57.76   1.00
1736.00   82.45  30.09  60.88   1.00
1737.00   79.12  31.70  63.71   1.00
1738.00   75.70  33.63  66.23   1.00
1739.00   72.23  35.86  68.40   1.00
1740.00   68.73  38.36  70.20   1.00
1741.00   65.25  41.11  71.62   1.00
1742.00   61.81  44.09  72.64   1.00
1743.00   58.45  47.26  73.26   1.00
1744.00   55.20  50.59  73.47   1.00
1745.00   52.09  54.06  73.26   1.00
1746.00   49.16  57.63  72.64   1.00
1747.00   46.43  61.27  71.62   1.00
1748.00   43.92  64.93  70.20   1.00
1749.00   41.66  68.59  68.40   1.00
1750.00   39.68  72.21  66.23   1.00
1751.00   37.99  75.75  63.71   1.00
1752.00   36.61  79.19  60.88   1.00
1753.00   35.55  82.48  57.76   1.00
1754.00   34.82  85.59  54.37   1.00
1755.00   34.42  88.51  50.75   1.00
1756.00   34.38  91.19  46.94   1.00
1757.00   34.67  93.61  42.97   1.00
1758.00   35.30  95.75  38.88   1.00
1759.00   36.27  97.59  34.70   1.00
1760.00   37.56  99.11  30.49   1.00
1761.00   39.17 100.30  26.28   1.00
1762.00   41.07 101.14  22.10   1.00
1763.00   43.25 101.62  18.01   1.00
1764.00   45.69 101.75  14.04   1.00
1765.00   48.36 101.52  10.23   1.00
1766.00   51.24 100.93   6.61   1.00
1767.00   54.30  99.99   3.22   1.00
1768.00   57.51  98.70   0.10   1.00
1769.00   60.84  97.09  -2.73   1.00
1770.00   64.26  95.16  -5.25   1.00
1771.00   67.74  92.93  -7.42   1.00
1772.00   71.23  90.43  -9.22   1.00
1773.00   74.72  87.68 -10.64   1.00
1774.00   78.15  84.70 -11.66   1.00
1775.00   81.51  81.53 -12.28   1.00
1776.00   84.76  78.19 -12.49   1.00
1777.00   87.87  74.73 -12.28   1.00
1778.00   90.80  71.16 -11.66   1.00
1779.00   93.54  67.52 -10.64   1.00
1780.00   96.04  63.86  -9.22   1.00
1781.00   98.30  60.20  -7.42   1.00
1782.00  100.28  56.58  -5.25   1.00
1783.00  101.97  53.04  -2.73   1.00
1784.00  103.35  49.60   0.10   1.00
1785.00  104.42  46.31   3.22   1.00
1786.00  105.15  43.19   6.61   1.00
1787.00  105.54  40.28  10.23   1.00
1788.00  105.59  37.60  14.04   1.00
1789.00  105.29  35.18  18.01   1.00
1790.00  104.66  33.03  22.10   1.00
1791.00  103.69  31.19  26.28   1.00
1792.00  102.40  29.68  30.49   1.00
1793.00  106.78  28.93 -35.22   0.00
1794.00  106.36  29.48 -30.61   1.00
1795.00  105.73  30.42 -26.09   1.00
1796.00  104.88  31.75 -21.70   1.00
1797.00  103.84  33.45 -17.48   1.00
1798.00  102.60  35.50 -13.49   1.00
1799.00  101.19  37.89  -9.74   1.00
1800.00   99.61  40.60  -6.29   1.00
1801.00   97.88  43.59  -3.16   1.00
1802.00   96.02  46.84  -0.39   1.00
1803.00   94.04  50.31   2.01   1.00
1804.00   91.97  53.98   4.00   1.00
1805.00   89.82  57.81   5.57   1.00
1806.00   87.61  61.76   6.71   1.00
1807.00   85.38  65.79   7.39   1.00
1808.00   83.12  69.86   7.62   1.00
1809.00   80.88  73.94   7.39   1.00
1810.00   78.67  77.99   6.71   1.00
1811.00   76.51  81.96   5.57   1.00
1812.00   74.42  85.82   4.00   1.00
1813.00   72.43  89.54   2.01   1.00
1814.00   70.55  93.06  -0.39   1.00
1815.00   68.80  96.37  -3.16   1.00
1816.00   67.19  99.43  -6.29   1.00
1817.00   65.75 102.21  -9.74   1.00
1818.00   64.48 104.69 -13.49   1.00
1819.00   63.41 106.83 -17.48   1.00
1820.00   62.53 108.62 -21.70   1.00
1821.00   61.86 110.04 -26.09   1.00
1822.00   61.40 111.09 -30.61   1.00
1823.00   61.16 111.73 -35.22   1.00
1824.00   61.14 111.99 -39.87   1.00
1825.00   61.35 111.84 -44.52   1.00
1826.00   61.77 111.29 -49.13   1.00
1827.00   62.41 110.34 -53.65   1.00
1828.00   63.25 109.02 -58.04   1.00
1829.00   64.30 107.32 -62.26   1.00
1830.00   65.53 105.26 -66.25   1.00
1831.00   66.94 102.87 -70.00   1.00
1832.00   68.52 100.17 -73.45   1.00
1833.00   70.25  97.18 -76.58   1.00
1834.00   72.11  93.93 -79.35   1.00
1835.00   74.09  90.45 -81.75   1.00
1836.00   76.16  86.78 -83.74   1.00
1837.00   78.31  82.96 -85.31   1.00
1838.00   80.52  79.01 -86.45   1.00
1839.00   82.76  74.98 -87.13   1.00
1840.00   85.01  70.90 -87.36   1.00
1841.00   87.25  66.82 -87.13   1.00
1842.00   89.46  62.77 -86.45   1.00
1843.00   91.62  58.80 -85.31   1.00
1844.00   93.71  54.94 -83.74   1.00
1845.00   95.70  51.23 -81.75   1.00
1846.00   97.58  47.70 -79.35   1.00
1847.00   99.33  44.39 -76.58   1.00
1848.00  100.94  41.33 -73.45   1.00
1849.00  102.38  38.55 -70.00   1.00
1850.00  103.65  36.08 -66.25   1.00
1851.00  104.72  33.94 -62.26   1.00
1852.00  105.60  32.14 -58.04   1.00
1853.00  106.27  30.72 -53.65   1.00
1854.00  106.73  29.68 -49.13   1.00
1855.00  106.97  29.03 -44.52   1.00
1856.00  106.99  28.78 -39.87   1.00
1857.00   16.53 100.47  -7.83   0.00
1858.00   15.86 100.30  -3.22   1.00
1859.00   14.74 100.11   1.30   1.00
1860.00   13.18  99.88   5.69   1.00
1861.00   11.20  99.62   9.90   1.00
1862.00    8.82  99.34  13.90   1.00
1863.00    6.06  99.03  17.64   1.00
1864.00    2.94  98.70  21.09   1.00
1865.00   -0.49  98.35  24.22   1.00
1866.00   -4.22  97.99  27.00   1.00
1867.00   -8.20  97.62  29.39   1.00
1868.00  -12.40  97.23  31.39   1.00
1869.00  -16.77  96.85  32.96   1.00
1870.00  -21.28  96.47  34.09   1.00
1871.00  -25.87  96.08  34.77   1.00
1872.00  -30.51  95.71  35.00   1.00
1873.00  -35.15  95.35  34.77   1.00
1874.00  -39.75  95.00  34.09   1.00
1875.00  -44.26  94.67  32.96   1.00
1876.00  -48.64  94.36  31.39   1.00
1877.00  -52.84  94.07  29.39   1.00
1878.00  -56.83  93.81  27.00   1.00
1879.00  -60.57  93.58  24.22   1.00
1880.00  -64.02  93.39  21.09   1.00
1881.00  -67.15  93.22  17.64   1.00
1882.00  -69.92  93.09  13.90   1.00
1883.00  -72.32  92.99   9.90   1.00
1884.00  -74.31  92.94   5.69   1.00
1885.00  -75.89  92.92   1.30   1.00
1886.00  -77.03  92.94  -3.22   1.00
1887.00  -77.72  92.99  -7.83   1.00
1888.00  -77.95  93.08 -12.48   1.00
1889.00  -77.73  93.21 -17.14   1.00
1890.00  -77.06  93.38 -21.75   1.00
1891.00  -75.94  93.57 -26.27   1.00
1892.00  -74.38  93.80 -30.66   1.00
1893.00  -72.40  94.06 -34.87   1.00
1894.00  -70.02  94.34 -38.87   1.00
1895.00  -67.26  94.65 -42.61   1.00
1896.00  -64.15  94.98 -46.06   1.00
1897.00  -60.71  95.33 -49.19   1.00
1898.00  -56.98  95.69 -51.97   1.00
1899.00  -53.00  96.06 -54.36   1.00
1900.00  -48.81  96.45 -56.36   1.00
1901.00  -44.43  96.83 -57.93   1.00
1902.00  -39.93  97.21 -59.06   1.00
1903.00  -35.33  97.60 -59.74   1.00
1904.00  -30.69  97.97 -59.97   1.00
1905.00  -26.05  98.33 -59.74   1.00
1906.00  -21.45  98.68 -59.06   1.00
1907.00  -16.94  99.01 -57.93   1.00
1908.00  -12.56  99.32 -56.36   1.00
1909.00   -8.36  99.61 -54.36   1.00
1910.00   -4.37  99.87 -51.97   1.00
1911.00   -0.63 100.10 -49.19   1.00
1912.00    2.82 100.29 -46.06   1.00
1913.00    5.94 100.46 -42.61   1.00
1914.00    8.72 100.59 -38.87   1.00
1915.00   11.12 100.69 -34.87   1.00
1916.00   13.11 100.74 -30.66   1.00
1917.00   14.68 100.76 -26.27   1.00
1918.00   15.82 100.74 -21.75   1.00
1919.00   16.51 100.69 -17.14   1.00
1920.00   16.75 100.60 -12.49   1.00
1921.00   80.45  93.34 -16.20   0.00
1922.00   79.74  93.08 -20.80   1.00
1923.00   78.58  92.86 -25.31   1.00
1924.00   76.99  92.69 -29.69   1.00
1925.00   74.98  92.58 -33.90   1.00
1926.00   72.56  92.51 -37.88   1.00
1927.00   69.77  92.50 -41.62   1.00
1928.00   66.63  92.54 -45.06   1.00
1929.00   63.17  92.63 -48.19   1.00
1930.00   59.43  92.77 -50.96   1.00
1931.00   55.43  92.96 -53.35   1.00
1932.00   51.22  93.20 -55.33   1.00
1933.00   46.84  93.49 -56.90   1.00
1934.00   42.33  93.82 -58.03   1.00
1935.00   37.73  94.18 -58.71   1.00
1936.00   33.09  94.59 -58.94   1.00
1937.00   28.46  95.02 -58.71   1.00
1938.00   23.87  95.49 -58.03   1.00
1939.00   19.38  95.97 -56.90   1.00
1940.00   15.01  96.48 -55.33   1.00
1941.00   10.83  97.00 -53.35   1.00
1942.00    6.86  97.53 -50.96   1.00
1943.00    3.15  98.06 -48.19   1.00
1944.00   -0.27  98.59 -45.06   1.00
1945.00   -3.36  99.12 -41.62   1.00
1946.00   -6.11  99.63 -37.88   1.00
1947.00   -8.47 100.13 -33.90   1.00
1948.00  -10.42 100.60 -29.69   1.00
1949.00  -11.96 101.05 -25.31   1.00
1950.00  -13.06 101.47 -20.80   1.00
1951.00  -13.71 101.86 -16.20   1.00
1952.00  -13.91 102.21 -11.56   1.00
1953.00  -13.65 102.52  -6.92   1.00
1954.00  -12.94 102.78  -2.32   1.00
1955.00  -11.78 102.99   2.19   1.00
1956.00  -10.19 103.16   6.57   1.00
1957.00   -8.18 103.28  10.78   1.00
1958.00   -5.77 103.34  14.76   1.00
1959.00   -2.98 103.36  18.50   1.00
1960.00    0.16 103.32  21.94   1.00
1961.00    3.62 103.23  25.07   1.00
1962.00    7.37 103.08  27.84   1.00
1963.00   11.36 102.89  30.23   1.00
1964.00   15.57 102.65  32.21   1.00
1965.00   19.95 102.37  33.78   1.00
1966.00   24.46 102.04  34.91   1.00
1967.00   29.06 101.67  35.59   1.00
1968.00   33.70 101.27  35.82   1.00
1969.00   38.33 100.83  35.59   1.00
1970.00   42.92 100.37  34.91   1.00
1971.00   47.42  99.88  33.78   1.00
1972.00   51.78  99.38  32.21   1.00
1973.00   55.96  98.86  30.23   1.00
1974.00   59.93  98.33  27.84   1.00
1975.00   63.64  97.79  25.07   1.00
1976.00   67.06  97.26  21.94   1.00
1977.00   70.16  96.74  18.50   1.00
1978.00   72.90  96.22  14.76   1.00
1979.00   75.26  95.73  10.78   1.00
1980.00   77.22  95.25   6.57   1.00
1981.00   78.75  94.80   2.19   1.00
1982.00   79.85  94.38  -2.32   1.00
1983.00   80.51  94.00  -6.92   1.00
1984.00   80.70  93.65 -11.56   1.00
1985.00   93.95  81.60 -94.94   0.00
1986.00   93.59  81.84 -97.85   1.00
1987.00   92.99  82.23 -100.71   1.00
1988.00   92.16  82.78 -103.48   1.00
1989.00   91.11  83.47 -106.14   1.00
1990.00   89.85  84.30 -108.67   1.00
1991.00   88.38  85.26 -111.03   1.00
1992.00   86.73  86.35 -113.21   1.00
1993.00   84.90  87.55 -115.19   1.00
1994.00   82.93  88.85 -116.94   1.00
1995.00   80.82  90.23 -118.46   1.00
1996.00   78.59  91.70 -119.72   1.00
1997.00   76.28  93.22 -120.71   1.00
1998.00   73.89  94.79 -121.42   1.00
1999.00   71.46  96.39 -121.86   1.00
2000.00   69.00  98.00 -122.00   1.00
2001.00   66.54  99.61 -121.86   1.00
2002.00   64.11 101.21 -121.42   1.00
2003.00   61.72 102.78 -120.71   1.00
2004.00   59.41 104.30 -119.72   1.00
2005.00   57.18 105.77 -118.46   1.00
2006.00   55.07 107.15 -116.94   1.00
2007.00   53.10 108.45 -115.19   1.00
2008.00   51.27 109.65 -113.21   1.00
2009.00   49.62 110.74 -111.03   1.00
2010.00   48.15 111.70 -108.67   1.00
2011.00   46.89 112.53 -106.14   1.00
2012.00   45.84 113.22 -103.48   1.00
2013.00   45.01 113.77 -100.71   1.00
2014.00   44.41 114.16 -97.85   1.00
2015.00   44.05 114.40 -94.94   1.00
2016.00   43.93 114.48 -92.00   1.00
2017.00   44.05 114.40 -89.06   1.00
2018.00   44.41 114.16 -86.15   1.00
2019.00   45.01 113.77 -83.29   1.00
2020.00   45.84 113.22 -80.52   1.00
2021.00   46.89 112.53 -77.86   1.00
2022.00   48.15 111.70 -75.33   1.00
2023.00   49.62 110.74 -72.97   1.00
2024.00   51.27 109.65 -70.79   1.00
2025.00   53.10 108.45 -68.81   1.00
2026.00   55.07 107.15 -67.06   1.00
2027.00   57.18 105.77 -65.54   1.00
2028.00   59.41 104.30 -64.28   1.00
2029.00   61.72 102.78 -63.29   1.00
2030.00   64.11 101.21 -62.58   1.00
2031.00   66.54  99.61 -62.14   1.00
2032.00   69.00  98.00 -62.00   1.00
2033.00   71.46  96.39 -62.14   1.00
2034.00   73.89  94.79 -62.58   1.00
2035.00   76.28  93.22 -63.29   1.00
2036.00   78.59  91.70 -64.28   1.00
2037.00   80.82  90.23 -65.54   1.00
2038.00   82.93  88.85 -67.06   1.00
2039.00   84.90  87.55 -68.81   1.00
2040.00   86.73  86.35 -70.79   1.00
2041.00   88.38  85.26 -72.97   1.00
2042.00   89.85  84.30 -75.33   1.00
2043.00   91.11  83.47 -77.86   1.00
2044.00   92.16  82.78 -80.52   1.00
2045.00   92.99  82.23 -83.29   1.00
2046.00   93.59  81.84 -86.15   1.00
2047.00   93.95  81.60 -89.06   1.00
2048.00   94.07  81.52 -92.00   1.00
2049.00   63.38  90.72 -131.94   0.00
2050.00   62.97  90.85 -134.85   4.00
2051.00   62.29  91.07 -137.71   4.00
2052.00   61.34  91.38 -140.48   4.00
2053.00   60.15  91.77 -143.14   4.00
2054.00   58.71  92.25 -145.67   4.00
2055.00   57.04  92.79 -148.03   4.00
2056.00   55.16  93.40 -150.21   4.00
2057.00   53.09  94.08 -152.19   4.00
2058.00   50.84  94.82 -153.94   4.00
2059.00   48.44  95.60 -155.46   4.00
2060.00   45.91  96.43 -156.72   4.00
2061.00   43.28  97.29 -157.71   4.00
2062.00   40.56  98.18 -158.42   4.00
2063.00   37.79  99.09 -158.86   4.00
2064.00   35.00 100.00 -159.00   4.00
2065.00   32.21 100.91 -158.86   4.00
2066.00   29.44 101.82 -158.42   4.00
2067.00   26.72 102.71 -157.71   4.00
2068.00   24.09 103.57 -156.72   4.00
2069.00   21.56 104.40 -155.46   4.00
2070.00   19.16 105.18 -153.94   4.00
2071.00   16.91 105.92 -152.19   4.00
2072.00   14.84 106.60 -150.21   4.00
2073.00   12.96 107.21 -148.03   4.00
2074.00   11.29 107.75 -145.67   4.00
2075.00    9.85 108.23 -143.14   4.00
2076.00    8.66 108.62 -140.48   4.00
2077.00    7.71 108.93 -137.71   4.00
2078.00    7.03 109.15 -134.85   4.00
2079.00    6.62 109.28 -131.94   4.00
2080.00    6.49 109.33 -129.00   4.00
2081.00    6.62 109.28 -126.06   4.00
2082.00    7.03 109.15 -123.15   4.00
2083.00    7.71 108.93 -120.29   4.00
2084.00    8.66 108.62 -117.52   4.00
2085.00    9.85 108.23 -114.86   4.00
2086.00   11.29 107.75 -112.33   4.00
2087.00   12.96 107.21 -109.97   4.00
2088.00   14.84 106.60 -107.79   4.00
2089.00   16.91 105.92 -105.81   4.00
2090.00   19.16 105.18 -104.06   4.00
2091.00   21.56 104.40 -102.54   4.00
2092.00   24.09 103.57 -101.28   4.00
2093.00   26.72 102.71 -100.29   4.00
2094.00   29.44 101.82 -99.58   4.00
2095.00   32.21 100.91 -99.14   4.00
2096.00   35.00 100.00 -99.00   4.00
2097.00   37.79  99.09 -99.14   4.00
2098.00   40.56  98.18 -99.58   4.00
2099.00   43.28  97.29 -100.29   4.00
2100.00   45.91  96.43 -101.28   4.00
2101.00   48.44  95.60 -102.54   4.00
2102.00   50.84  94.82 -104.06   4.00
2103.00   53.09  94.08 -105.81   4.00
2104.00   55.16  93.40 -107.79   4.00
2105.00   57.04  92.79 -109.97   4.00
2106.00   58.71  92.25 -112.33   4.00
2107.00   60.15  91.77 -114.86   4.00
2108.00   61.34  91.38 -117.52   4.00
2109.00   62.29  91.07 -120.29   4.00
2110.00   62.97  90.85 -123.15   4.00
2111.00   63.38  90.72 -126.06   4.00
2112.00   63.51  90.67 -129.00   4.00
2113.00   53.30  84.92 -72.94   0.00
2114.00   52.91  85.10 -75.85   4.00
2115.00   52.25  85.39 -78.71   4.00
2116.00   51.35  85.79 -81.48   4.00
2117.00   50.20  86.30 -84.14   4.00
2118.00   48.81  86.91 -86.67   4.00
2119.00   47.21  87.62 -89.03   4.00
2120.00   45.40  88.42 -91.21   4.00
2121.00   43.41  89.30 -93.19   4.00
2122.00   41.24  90.26 -94.94   4.00
2123.00   38.93  91.28 -96.46   4.00
2124.00   36.50  92.36 -97.72   4.00
2125.00   33.96  93.48 -98.71   4.00
2126.00   31.35  94.63 -99.42   4.00
2127.00   28.69  95.81 -99.86   4.00
2128.00   26.00  97.00 -100.00   4.00
2129.00   23.31  98.19 -99.86   4.00
2130.00   20.65  99.37 -99.42   4.00
2131.00   18.04 100.52 -98.71   4.00
2132.00   15.50 101.64 -97.72   4.00
2133.00   13.07 102.72 -96.46   4.00
2134.00   10.76 103.74 -94.94   4.00
2135.00    8.59 104.70 -93.19   4.00
2136.00    6.60 105.58 -91.21   4.00
2137.00    4.79 106.38 -89.03   4.00
2138.00    3.19 107.09 -86.67   4.00
2139.00    1.80 107.70 -84.14   4.00
2140.00    0.65 108.21 -81.48   4.00
2141.00   -0.25 108.61 -78.71   4.00
2142.00   -0.91 108.90 -75.85   4.00
2143.00   -1.30 109.08 -72.94   4.00
2144.00   -1.44 109.14 -70.00   4.00
2145.00   -1.30 109.08 -67.06   4.00
2146.00   -0.91 108.90 -64.15   4.00
2147.00   -0.25 108.61 -61.29   4.00
2148.00    0.65 108.21 -58.52   4.00
2149.00    1.80 107.70 -55.86   4.00
2150.00    3.19 107.09 -53.33   4.00
2151.00    4.79 106.38 -50.97   4.00
2152.00    6.60 105.58 -48.79   4.00
2153.00    8.59 104.70 -46.81   4.00
2154.00   10.76 103.74 -45.06   4.00
2155.00   13.07 102.72 -43.54   4.00
2156.00   15.50 101.64 -42.28   4.00
2157.00   18.04 100.52 -41.29   4.00
2158.00   20.65  99.37 -40.58   4.00
2159.00   23.31  98.19 -40.14   4.00
2160.00   26.00  97.00 -40.00   4.00
2161.00   28.69  95.81 -40.14   4.00
2162.00   31.35  94.63 -40.58   4.00
2163.00   33.96  93.48 -41.29   4.00
2164.00   36.50  92.36 -42.28   4.00
2165.00   38.93  91.28 -43.54   4.00
2166.00   41.24  90.26 -45.06   4.00
2167.00   43.41  89.30 -46.81   4.00
2168.00   45.40  88.42 -48.79   4.00
2169.00   47.21  87.62 -50.97   4.00
2170.00   48.81  86.91 -53.33   4.00
2171.00   50.20  86.30 -55.86   4.00
2172.00   51.35  85.79 -58.52   4.00
2173.00   52.25  85.39 -61.29   4.00
2174.00   52.91  85.10 -64.15   4.00
2175.00   53.30  84.92 -67.06   4.00
2176.00   53.44  84.86 -70.00   4.00
2177.00  101.71  49.49 -138.94   0.00
2178.00  101.41  49.81 -141.85   4.00
2179.00  100.91  50.32 -144.71   4.00
2180.00  100.23  51.04 -147.48   4.00
2181.00   99.35  51.94 -150.14   4.00
2182.00   98.30  53.03 -152.67   4.00
2183.00   97.09  54.30 -155.03   4.00
2184.00   95.71  55.72 -157.21   4.00
2185.00   94.20  57.29 -159.19   4.00
2186.00   92.56  58.99 -160.94   4.00
2187.00   90.81  60.81 -162.46   4.00
2188.00   88.96  62.73 -163.72   4.00
2189.00   87.04  64.73 -164.71   4.00
2190.00   85.06  66.78 -165.42   4.00
2191.00   83.04  68.88 -165.86   4.00
2192.00   81.00  71.00 -166.00   4.00
2193.00   78.96  73.12 -165.86   4.00
2194.00   76.94  75.22 -165.42   4.00
2195.00   74.96  77.27 -164.71   4.00
2196.00   73.04  79.27 -163.72   4.00
2197.00   71.19  81.19 -162.46   4.00
2198.00   69.44  83.01 -160.94   4.00
2199.00   67.80  84.71 -159.19   4.00
2200.00   66.29  86.28 -157.21   4.00
2201.00   64.91  87.70 -155.03   4.00
2202.00   63.70  88.97 -152.67   4.00
2203.00   62.65  90.06 -150.14   4.00
2204.00   61.77  90.96 -147.48   4.00
2205.00   61.09  91.68 -144.71   4.00
2206.00   60.59  92.19 -141.85   4.00
2207.00   60.29  92.51 -138.94   4.00
2208.00   60.19  92.61 -136.00   4.00
2209.00   60.29  92.51 -133.06   4.00
2210.00   60.59  92.19 -130.15   4.00
2211.00   61.09  91.68 -127.29   4.00
2212.00   61.77  90.96 -124.52   4.00
2213.00   62.65  90.06 -121.86   4.00
2214.00   63.70  88.97 -119.33   4.00
2215.00   64.91  87.70 -116.97   4.00
2216.00   66.29  86.28 -114.79   4.00
2217.00   67.80  84.71 -112.81   4.00
2218.00   69.44  83.01 -111.06   4.00
2219.00   71.19  81.19 -109.54   4.00
2220.00   73.04  79.27 -108.28   4.00
2221.00   74.96  77.27 -107.29   4.00
2222.00   76.94  75.22 -106.58   4.00
2223.00   78.96  73.12 -106.14   4.00
2224.00   81.00  71.00 -106.00   4.00
2225.00   83.04  68.88 -106.14   4.00
2226.00   85.06  66.78 -106.58   4.00
2227.00   87.04  64.73 -107.29   4.00
2228.00   88.96  62.73 -108.28   4.00
2229.00   90.81  60.81 -109.54   4.00
2230.00   92.56  58.99 -111.06   4.00
2231.00   94.20  57.29 -112.81   4.00
2232.00   95.71  55.72 -114.79   4.00
2233.00   97.09  54.30 -116.97   4.00
2234.00   98.30  53.03 -119.33   4.00
2235.00   99.35  51.94 -121.86   4.00
2236.00  100.23  51.04 -124.52   4.00
2237.00  100.91  50.32 -127.29   4.00
2238.00  101.41  49.81 -130.15   4.00
2239.00  101.71  49.49 -133.06   4.00
2240.00  101.81  49.39 -136.00   4.00
2241.00  -43.91 116.18 -94.94   0.00
2242.00  -44.27 115.95 -97.85   4.00
2243.00  -44.87 115.56 -100.71   4.00
2244.00  -45.71 115.02 -103.48   4.00
2245.00  -46.76 114.34 -106.14   4.00
2246.00  -48.04 113.52 -108.67   4.00
2247.00  -49.51 112.57 -111.03   4.00
2248.00  -51.17 111.50 -113.21   4.00
2249.00  -53.01 110.31 -115.19   4.00
2250.00  -54.99 109.03 -116.94   4.00
2251.00  -57.11 107.66 -118.46   4.00
2252.00  -59.35 106.22 -119.72   4.00
2253.00  -61.68 104.72 -120.71   4.00
2254.00  -64.08 103.17 -121.42   4.00
2255.00  -66.53 101.59 -121.86   4.00
2256.00  -69.00 100.00 -122.00   4.00
2257.00  -71.47  98.41 -121.86   4.00
2258.00  -73.92  96.83 -121.42   4.00
2259.00  -76.32  95.28 -120.71   4.00
2260.00  -78.65  93.78 -119.72   4.00
2261.00  -80.89  92.34 -118.46   4.00
2262.00  -83.01  90.97 -116.94   4.00
2263.00  -84.99  89.69 -115.19   4.00
2264.00  -86.83  88.50 -113.21   4.00
2265.00  -88.49  87.43 -111.03   4.00
2266.00  -89.96  86.48 -108.67   4.00
2267.00  -91.24  85.66 -106.14   4.00
2268.00  -92.29  84.98 -103.48   4.00
2269.00  -93.13  84.44 -100.71   4.00
2270.00  -93.73  84.05 -97.85   4.00
2271.00  -94.09  83.82 -94.94   4.00
2272.00  -94.21  83.74 -92.00   4.00
2273.00  -94.09  83.82 -89.06   4.00
2274.00  -93.73  84.05 -86.15   4.00
2275.00  -93.13  84.44 -83.29   4.00
2276.00  -92.29  84.98 -80.52   4.00
2277.00  -91.24  85.66 -77.86   4.00
2278.00  -89.96  86.48 -75.33   4.00
2279.00  -88.49  87.43 -72.97   4.00
2280.00  -86.83  88.50 -70.79   4.00
2281.00  -84.99  89.69 -68.81   4.00
2282.00  -83.01  90.97 -67.06   4.00
2283.00  -80.89  92.34 -65.54   4.00
2284.00  -78.65  93.78 -64.28   4.00
2285.00  -76.32  95.28 -63.29   4.00
2286.00  -73.92  96.83 -62.58   4.00
2287.00  -71.47  98.41 -62.14   4.00
2288.00  -69.00 100.00 -62.00   4.00
2289.00  -66.53 101.59 -62.14   4.00
2290.00  -64.08 103.17 -62.58   4.00
2291.00  -61.68 104.72 -63.29   4.00
2292.00  -59.35 106.22 -64.28   4.00
2293.00  -57.11 107.66 -65.54   4.00
2294.00  -54.99 109.03 -67.06   4.00
2295.00  -53.01 110.31 -68.81   4.00
2296.00  -51.17 111.50 -70.79   4.00
2297.00  -49.51 112.57 -72.97   4.00
2298.00  -48.04 113.52 -75.33   4.00
2299.00  -46.76 114.34 -77.86   4.00
2300.00  -45.71 115.02 -80.52   4.00
2301.00  -44.87 115.56 -83.29   4.00
2302.00  -44.27 115.95 -86.15   4.00
2303.00  -43.91 116.18 -89.06   4.00
2304.00  -43.79 116.26 -92.00   4.00
2305.00   -7.68 110.44 -131.94   0.00
2306.00   -8.09 110.30 -134.85   4.00
2307.00   -8.77 110.08 -137.71   4.00
2308.00   -9.71 109.76 -140.48   4.00
2309.00  -10.90 109.37 -143.14   4.00
2310.00  -12.34 108.89 -145.67   4.00
2311.00  -14.00 108.33 -148.03   4.00
2312.00  -15.88 107.71 -150.21   4.00
2313.00  -17.94 107.02 -152.19   4.00
2314.00  -20.19 106.27 -153.94   4.00
2315.00  -22.58 105.47 -155.46   4.00
2316.00  -25.11 104.63 -156.72   4.00
2317.00  -27.74 103.75 -157.71   4.00
2318.00  -30.45 102.85 -158.42   4.00
2319.00  -33.21 101.93 -158.86   4.00
2320.00  -36.00 101.00 -159.00   4.00
2321.00  -38.79 100.07 -158.86   4.00
2322.00  -41.55  99.15 -158.42   4.00
2323.00  -44.26  98.25 -157.71   4.00
2324.00  -46.89  97.37 -156.72   4.00
2325.00  -49.42  96.53 -155.46   4.00
2326.00  -51.81  95.73 -153.94   4.00
2327.00  -54.06  94.98 -152.19   4.00
2328.00  -56.12  94.29 -150.21   4.00
2329.00  -58.00  93.67 -148.03   4.00
2330.00  -59.66  93.11 -145.67   4.00
2331.00  -61.10  92.63 -143.14   4.00
2332.00  -62.29  92.24 -140.48   4.00
2333.00  -63.23  91.92 -137.71   4.00
2334.00  -63.91  91.70 -134.85   4.00
2335.00  -64.32  91.56 -131.94   4.00
2336.00  -64.46  91.51 -129.00   4.00
2337.00  -64.32  91.56 -126.06   4.00
2338.00  -63.91  91.70 -123.15   4.00
2339.00  -63.23  91.92 -120.29   4.00
2340.00  -62.29  92.24 -117.52   4.00
2341.00  -61.10  92.63 -114.86   4.00
2342.00  -59.66  93.11 -112.33   4.00
2343.00  -58.00  93.67 -109.97   4.00
2344.00  -56.12  94.29 -107.79   4.00
2345.00  -54.06  94.98 -105.81   4.00
2346.00  -51.81  95.73 -104.06   4.00
2347.00  -49.42  96.53 -102.54   4.00
2348.00  -46.89  97.37 -101.28   4.00
2349.00  -44.26  98.25 -100.29   4.00
2350.00  -41.55  99.15 -99.58   4.00
2351.00  -38.79 100.07 -99.14   4.00
2352.00  -36.00 101.00 -99.00   4.00
2353.00  -33.21 101.93 -99.14   4.00
2354.00  -30.45 102.85 -99.58   4.00
2355.00  -27.74 103.75 -100.29   4.00
2356.00  -25.11 104.63 -101.28   4.00
2357.00  -22.58 105.47 -102.54   4.00
2358.00  -20.19 106.27 -104.06   4.00
2359.00  -17.94 107.02 -105.81   4.00
2360.00  -15.88 107.71 -107.79   4.00
2361.00  -14.00 108.33 -109.97   4.00
2362.00  -12.34 108.89 -112.33   4.00
2363.00  -10.90 109.37 -114.86   4.00
2364.00   -9.71 109.76 -117.52   4.00
2365.00   -8.77 110.08 -120.29   4.00
2366.00   -8.09 110.30 -123.15   4.00
2367.00   -7.68 110.44 -126.06   4.00
2368.00   -7.54 110.49 -129.00   4.00
2369.00    1.30 109.08 -72.94   0.00
2370.00    0.91 108.90 -75.85   4.00
2371.00    0.25 108.61 -78.71   4.00
2372.00   -0.65 108.21 -81.48   4.00
2373.00   -1.80 107.70 -84.14   4.00
2374.00   -3.19 107.09 -86.67   4.00
2375.00   -4.79 106.38 -89.03   4.00
2376.00   -6.60 105.58 -91.21   4.00
2377.00   -8.59 104.70 -93.19   4.00
2378.00  -10.76 103.74 -94.94   4.00
2379.00  -13.07 102.72 -96.46   4.00
2380.00  -15.50 101.64 -97.72   4.00
2381.00  -18.04 100.52 -98.71   4.00
2382.00  -20.65  99.37 -99.42   4.00
2383.00  -23.31  98.19 -99.86   4.00
2384.00  -26.00  97.00 -100.00   4.00
2385.00  -28.69  95.81 -99.86   4.00
2386.00  -31.35  94.63 -99.42   4.00
2387.00  -33.96  93.48 -98.71   4.00
2388.00  -36.50  92.36 -97.72   4.00
2389.00  -38.93  91.28 -96.46   4.00
2390.00  -41.24  90.26 -94.94   4.00
2391.00  -43.41  89.30 -93.19   4.00
2392.00  -45.40  88.42 -91.21   4.00
2393.00  -47.21  87.62 -89.03   4.00
2394.00  -48.81  86.91 -86.67   4.00
2395.00  -50.20  86.30 -84.14   4.00
2396.00  -51.35  85.79 -81.48   4.00
2397.00  -52.25  85.39 -78.71   4.00
2398.00  -52.91  85.10 -75.85   4.00
2399.00  -53.30  84.92 -72.94   4.00
2400.00  -53.44  84.86 -70.00   4.00
2401.00  -53.30  84.92 -67.06   4.00
2402.00  -52.91  85.10 -64.15   4.00
2403.00  -52.25  85.39 -61.29   4.00
2404.00  -51.35  85.79 -58.52   4.00
2405.00  -50.20  86.30 -55.86   4.00
2406.00  -48.81  86.91 -53.33   4.00
2407.00  -47.21  87.62 -50.97   4.00
2408.00  -45.40  88.42 -48.79   4.00
2409.00  -43.41  89.30 -46.81   4.00
2410.00  -41.24  90.26 -45.06   4.00
2411.00  -38.93  91.28 -43.54   4.00
2412.00  -36.50  92.36 -42.28   4.00
2413.00  -33.96  93.48 -41.29   4.00
2414.00  -31.35  94.63 -40.58   4.00
2415.00  -28.69  95.81 -40.14   4.00
2416.00  -26.00  97.00 -40.00   4.00
2417.00  -23.31  98.19 -40.14   4.00
2418.00  -20.65  99.37 -40.58   4.00
2419.00  -18.04 100.52 -41.29   4.00
2420.00  -15.50 101.64 -42.28   4.00
2421.00  -13.07 102.72 -43.54   4.00
2422.00  -10.76 103.74 -45.06   4.00
2423.00   -8.59 104.70 -46.81   4.00
2424.00   -6.60 105.58 -48.79   4.00
2425.00   -4.79 106.38 -50.97   4.00
2426.00   -3.19 107.09 -53.33   4.00
2427.00   -1.80 107.70 -55.86   4.00
2428.00   -0.65 108.21 -58.52   4.00
2429.00    0.25 108.61 -61.29   4.00
2430.00    0.91 108.90 -64.15   4.00
2431.00    1.30 109.08 -67.06   4.00
2432.00    1.44 109.14 -70.00   4.00
2433.00  -59.30  91.51 -139.94   0.00
2434.00  -59.60  91.20 -142.85   4.00
2435.00  -60.09  90.68 -145.71   4.00
2436.00  -60.78  89.97 -148.48   4.00
2437.00  -61.65  89.06 -151.14   4.00
2438.00  -62.70  87.97 -153.67   4.00
2439.00  -63.92  86.71 -156.03   4.00
2440.00  -65.29  85.28 -158.21   4.00
2441.00  -66.80  83.71 -160.19   4.00
2442.00  -68.44  82.01 -161.94   4.00
2443.00  -70.19  80.19 -163.46   4.00
2444.00  -72.04  78.27 -164.72   4.00
2445.00  -73.96  76.27 -165.71   4.00
2446.00  -75.94  74.22 -166.42   4.00
2447.00  -77.96  72.12 -166.86   4.00
2448.00  -80.00  70.00 -167.00   4.00
2449.00  -82.04  67.88 -166.86   4.00
2450.00  -84.06  65.78 -166.42   4.00
2451.00  -86.04  63.73 -165.71   4.00
2452.00  -87.96  61.73 -164.72   4.00
2453.00  -89.81  59.81 -163.46   4.00
2454.00  -91.56  57.99 -161.94   4.00
2455.00  -93.20  56.29 -160.19   4.00
2456.00  -94.71  54.72 -158.21   4.00
2457.00  -96.08  53.29 -156.03   4.00
2458.00  -97.30  52.03 -153.67   4.00
2459.00  -98.35  50.94 -151.14   4.00
2460.00  -99.22  50.03 -148.48   4.00
2461.00  -99.91  49.32 -145.71   4.00
2462.00  -100.40  48.80 -142.85   4.00
2463.00  -100.70  48.49 -139.94   4.00
2464.00  -100.80  48.39 -137.00   4.00
2465.00  -100.70  48.49 -134.06   4.00
2466.00  -100.40  48.80 -131.15   4.00
2467.00  -99.91  49.32 -128.29   4.00
2468.00  -99.22  50.03 -125.52   4.00
2469.00  -98.35  50.94 -122.86   4.00
2470.00  -97.30  52.03 -120.33   4.00
2471.00  -96.08  53.29 -117.97   4.00
2472.00  -94.71  54.72 -115.79   4.00
2473.00  -93.20  56.29 -113.81   4.00
2474.00  -91.56  57.99 -112.06   4.00
2475.00  -89.81  59.81 -110.54   4.00
2476.00  -87.96  61.73 -109.28   4.00
2477.00  -86.04  63.73 -108.29   4.00
2478.00  -84.06  65.78 -107.58   4.00
2479.00  -82.04  67.88 -107.14   4.00
2480.00  -80.00  70.00 -107.00   4.00
2481.00  -77.96  72.12 -107.14   4.00
2482.00  -75.94  74.22 -107.58   4.00
2483.00  -73.96  76.27 -108.29   4.00
2484.00  -72.04  78.27 -109.28   4.00
2485.00  -70.19  80.19 -110.54   4.00
2486.00  -68.44  82.01 -112.06   4.00
2487.00  -66.80  83.71 -113.81   4.00
2488.00  -65.29  85.28 -115.79   4.00
2489.00  -63.92  86.71 -117.97   4.00
2490.00  -62.70  87.97 -120.33   4.00
2491.00  -61.65  89.06 -122.86   4.00
2492.00  -60.78  89.97 -125.52   4.00
2493.00  -60.09  90.68 -128.29   4.00
2494.00  -59.60  91.20 -131.15   4.00
2495.00  -59.30  91.51 -134.06   4.00
2496.00  -59.20  91.61 -137.00   4.00
