%
% MULTI-COIL WIRE PATTERN
%
1.00  -45.78 -121.00 -34.51   0.00
2.00  -45.12 -121.00 -38.97   1.00
3.00  -44.02 -121.00 -43.35   1.00
4.00  -42.50 -121.00 -47.60   1.00
5.00  -40.57 -121.00 -51.68   1.00
6.00  -38.25 -121.00 -55.56   1.00
7.00  -35.56 -121.00 -59.18   1.00
8.00  -32.53 -121.00 -62.53   1.00
9.00  -29.18 -121.00 -65.56   1.00
10.00  -25.56 -121.00 -68.25   1.00
11.00  -21.68 -121.00 -70.57   1.00
12.00  -17.60 -121.00 -72.50   1.00
13.00  -13.35 -121.00 -74.02   1.00
14.00   -8.97 -121.00 -75.12   1.00
15.00   -4.51 -121.00 -75.78   1.00
16.00   -0.00 -121.00 -76.00   1.00
17.00    4.51 -121.00 -75.78   1.00
18.00    8.97 -121.00 -75.12   1.00
19.00   13.35 -121.00 -74.02   1.00
20.00   17.60 -121.00 -72.50   1.00
21.00   21.68 -121.00 -70.57   1.00
22.00   25.56 -121.00 -68.25   1.00
23.00   29.18 -121.00 -65.56   1.00
24.00   32.53 -121.00 -62.53   1.00
25.00   35.56 -121.00 -59.18   1.00
26.00   38.25 -121.00 -55.56   1.00
27.00   40.57 -121.00 -51.68   1.00
28.00   42.50 -121.00 -47.60   1.00
29.00   44.02 -121.00 -43.35   1.00
30.00   45.12 -121.00 -38.97   1.00
31.00   45.78 -121.00 -34.51   1.00
32.00   46.00 -121.00 -30.00   1.00
33.00   45.78 -121.00 -25.49   1.00
34.00   45.12 -121.00 -21.03   1.00
35.00   44.02 -121.00 -16.65   1.00
36.00   42.50 -121.00 -12.40   1.00
37.00   40.57 -121.00  -8.32   1.00
38.00   38.25 -121.00  -4.44   1.00
39.00   35.56 -121.00  -0.82   1.00
40.00   32.53 -121.00   2.53   1.00
41.00   29.18 -121.00   5.56   1.00
42.00   25.56 -121.00   8.25   1.00
43.00   21.68 -121.00  10.57   1.00
44.00   17.60 -121.00  12.50   1.00
45.00   13.35 -121.00  14.02   1.00
46.00    8.97 -121.00  15.12   1.00
47.00    4.51 -121.00  15.78   1.00
48.00    0.00 -121.00  16.00   1.00
49.00   -4.51 -121.00  15.78   1.00
50.00   -8.97 -121.00  15.12   1.00
51.00  -13.35 -121.00  14.02   1.00
52.00  -17.60 -121.00  12.50   1.00
53.00  -21.68 -121.00  10.57   1.00
54.00  -25.56 -121.00   8.25   1.00
55.00  -29.18 -121.00   5.56   1.00
56.00  -32.53 -121.00   2.53   1.00
57.00  -35.56 -121.00  -0.82   1.00
58.00  -38.25 -121.00  -4.44   1.00
59.00  -40.57 -121.00  -8.32   1.00
60.00  -42.50 -121.00 -12.40   1.00
61.00  -44.02 -121.00 -16.65   1.00
62.00  -45.12 -121.00 -21.03   1.00
63.00  -45.78 -121.00 -25.49   1.00
64.00  -46.00 -121.00 -30.00   1.00
65.00   13.90 -110.04 -85.64   0.00
66.00   12.96 -110.96 -81.32   1.00
67.00   11.62 -111.74 -77.08   1.00
68.00    9.87 -112.38 -72.97   1.00
69.00    7.73 -112.87 -69.02   1.00
70.00    5.24 -113.21 -65.27   1.00
71.00    2.40 -113.39 -61.76   1.00
72.00   -0.74 -113.41 -58.53   1.00
73.00   -4.17 -113.28 -55.59   1.00
74.00   -7.85 -112.99 -52.99   1.00
75.00  -11.74 -112.54 -50.75   1.00
76.00  -15.81 -111.95 -48.88   1.00
77.00  -20.01 -111.21 -47.41   1.00
78.00  -24.31 -110.34 -46.35   1.00
79.00  -28.66 -109.33 -45.70   1.00
80.00  -33.03 -108.21 -45.49   1.00
81.00  -37.37 -106.98 -45.70   1.00
82.00  -41.64 -105.65 -46.35   1.00
83.00  -45.79 -104.24 -47.41   1.00
84.00  -49.79 -102.76 -48.88   1.00
85.00  -53.61 -101.23 -50.75   1.00
86.00  -57.19 -99.65 -52.99   1.00
87.00  -60.51 -98.05 -55.59   1.00
88.00  -63.54 -96.44 -58.53   1.00
89.00  -66.25 -94.83 -61.76   1.00
90.00  -68.61 -93.25 -65.27   1.00
91.00  -70.59 -91.70 -69.02   1.00
92.00  -72.19 -90.20 -72.97   1.00
93.00  -73.37 -88.77 -77.08   1.00
94.00  -74.14 -87.42 -81.32   1.00
95.00  -74.49 -86.15 -85.64   1.00
96.00  -74.41 -85.00 -90.00   1.00
97.00  -73.90 -83.96 -94.36   1.00
98.00  -72.96 -83.04 -98.68   1.00
99.00  -71.62 -82.26 -102.92   1.00
100.00  -69.87 -81.62 -107.03   1.00
101.00  -67.73 -81.13 -110.98   1.00
102.00  -65.24 -80.79 -114.73   1.00
103.00  -62.40 -80.61 -118.24   1.00
104.00  -59.26 -80.59 -121.47   1.00
105.00  -55.83 -80.72 -124.41   1.00
106.00  -52.15 -81.01 -127.01   1.00
107.00  -48.26 -81.46 -129.25   1.00
108.00  -44.19 -82.05 -131.12   1.00
109.00  -39.99 -82.79 -132.59   1.00
110.00  -35.69 -83.66 -133.65   1.00
111.00  -31.34 -84.67 -134.30   1.00
112.00  -26.97 -85.79 -134.51   1.00
113.00  -22.63 -87.02 -134.30   1.00
114.00  -18.36 -88.35 -133.65   1.00
115.00  -14.21 -89.76 -132.59   1.00
116.00  -10.21 -91.24 -131.12   1.00
117.00   -6.39 -92.77 -129.25   1.00
118.00   -2.81 -94.35 -127.01   1.00
119.00    0.51 -95.95 -124.41   1.00
120.00    3.54 -97.56 -121.47   1.00
121.00    6.25 -99.17 -118.24   1.00
122.00    8.61 -100.75 -114.73   1.00
123.00   10.59 -102.30 -110.98   1.00
124.00   12.19 -103.80 -107.03   1.00
125.00   13.37 -105.23 -102.92   1.00
126.00   14.14 -106.58 -98.68   1.00
127.00   14.49 -107.85 -94.36   1.00
128.00   14.41 -109.00 -90.00   1.00
129.00   79.90 -87.52 -85.64   0.00
130.00   79.51 -88.78 -81.33   1.00
131.00   78.69 -90.11 -77.09   1.00
132.00   77.45 -91.51 -72.98   1.00
133.00   75.79 -92.96 -69.04   1.00
134.00   73.75 -94.44 -65.30   1.00
135.00   71.33 -95.94 -61.79   1.00
136.00   68.56 -97.44 -58.56   1.00
137.00   65.47 -98.94 -55.63   1.00
138.00   62.09 -100.41 -53.03   1.00
139.00   58.44 -101.85 -50.79   1.00
140.00   54.57 -103.23 -48.92   1.00
141.00   50.51 -104.55 -47.45   1.00
142.00   46.31 -105.79 -46.39   1.00
143.00   41.99 -106.94 -45.75   1.00
144.00   37.60 -107.99 -45.54   1.00
145.00   33.19 -108.93 -45.75   1.00
146.00   28.80 -109.75 -46.39   1.00
147.00   24.47 -110.45 -47.45   1.00
148.00   20.24 -111.01 -48.92   1.00
149.00   16.15 -111.43 -50.79   1.00
150.00   12.24 -111.70 -53.03   1.00
151.00    8.55 -111.83 -55.63   1.00
152.00    5.12 -111.81 -58.56   1.00
153.00    1.97 -111.64 -61.79   1.00
154.00   -0.86 -111.33 -65.30   1.00
155.00   -3.34 -110.88 -69.04   1.00
156.00   -5.45 -110.28 -72.98   1.00
157.00   -7.18 -109.56 -77.09   1.00
158.00   -8.49 -108.71 -81.33   1.00
159.00   -9.39 -107.74 -85.64   1.00
160.00   -9.86 -106.66 -90.00   1.00
161.00   -9.90 -105.48 -94.36   1.00
162.00   -9.51 -104.22 -98.67   1.00
163.00   -8.69 -102.89 -102.91   1.00
164.00   -7.45 -101.49 -107.02   1.00
165.00   -5.79 -100.04 -110.96   1.00
166.00   -3.75 -98.56 -114.70   1.00
167.00   -1.33 -97.06 -118.21   1.00
168.00    1.44 -95.56 -121.44   1.00
169.00    4.53 -94.06 -124.37   1.00
170.00    7.91 -92.59 -126.97   1.00
171.00   11.56 -91.15 -129.21   1.00
172.00   15.43 -89.77 -131.08   1.00
173.00   19.49 -88.45 -132.55   1.00
174.00   23.69 -87.21 -133.61   1.00
175.00   28.01 -86.06 -134.25   1.00
176.00   32.40 -85.01 -134.46   1.00
177.00   36.81 -84.07 -134.25   1.00
178.00   41.20 -83.25 -133.61   1.00
179.00   45.53 -82.55 -132.55   1.00
180.00   49.76 -81.99 -131.08   1.00
181.00   53.85 -81.57 -129.21   1.00
182.00   57.76 -81.30 -126.97   1.00
183.00   61.45 -81.17 -124.37   1.00
184.00   64.88 -81.19 -121.44   1.00
185.00   68.03 -81.36 -118.21   1.00
186.00   70.86 -81.67 -114.70   1.00
187.00   73.34 -82.12 -110.96   1.00
188.00   75.45 -82.72 -107.02   1.00
189.00   77.18 -83.44 -102.91   1.00
190.00   78.49 -84.29 -98.67   1.00
191.00   79.39 -85.26 -94.36   1.00
192.00   79.86 -86.34 -90.00   1.00
193.00   46.68  92.13  34.40   0.00
194.00   46.02  90.28  38.47   1.00
195.00   44.92  88.47  42.45   1.00
196.00   43.40  86.71  46.32   1.00
197.00   41.47  85.02  50.04   1.00
198.00   39.15  83.41  53.56   1.00
199.00   36.46  81.91  56.86   1.00
200.00   33.43  80.52  59.90   1.00
201.00   30.08  79.27  62.66   1.00
202.00   26.46  78.15  65.11   1.00
203.00   22.58  77.19  67.22   1.00
204.00   18.50  76.39  68.98   1.00
205.00   14.25  75.76  70.36   1.00
206.00    9.87  75.31  71.36   1.00
207.00    5.41  75.03  71.96   1.00
208.00    0.90  74.94  72.17   1.00
209.00   -3.61  75.03  71.96   1.00
210.00   -8.07  75.31  71.36   1.00
211.00  -12.45  75.76  70.36   1.00
212.00  -16.70  76.39  68.98   1.00
213.00  -20.78  77.19  67.22   1.00
214.00  -24.66  78.15  65.11   1.00
215.00  -28.28  79.27  62.66   1.00
216.00  -31.63  80.52  59.90   1.00
217.00  -34.66  81.91  56.86   1.00
218.00  -37.35  83.41  53.56   1.00
219.00  -39.67  85.02  50.04   1.00
220.00  -41.60  86.71  46.32   1.00
221.00  -43.12  88.47  42.45   1.00
222.00  -44.22  90.28  38.47   1.00
223.00  -44.88  92.13  34.40   1.00
224.00  -45.10  94.00  30.30   1.00
225.00  -44.88  95.87  26.20   1.00
226.00  -44.22  97.72  22.13   1.00
227.00  -43.12  99.53  18.15   1.00
228.00  -41.60 101.29  14.28   1.00
229.00  -39.67 102.98  10.56   1.00
230.00  -37.35 104.59   7.04   1.00
231.00  -34.66 106.09   3.74   1.00
232.00  -31.63 107.48   0.70   1.00
233.00  -28.28 108.73  -2.06   1.00
234.00  -24.66 109.85  -4.51   1.00
235.00  -20.78 110.81  -6.62   1.00
236.00  -16.70 111.61  -8.38   1.00
237.00  -12.45 112.24  -9.76   1.00
238.00   -8.07 112.69 -10.76   1.00
239.00   -3.61 112.97 -11.36   1.00
240.00    0.90 113.06 -11.57   1.00
241.00    5.41 112.97 -11.36   1.00
242.00    9.87 112.69 -10.76   1.00
243.00   14.25 112.24  -9.76   1.00
244.00   18.50 111.61  -8.38   1.00
245.00   22.58 110.81  -6.62   1.00
246.00   26.46 109.85  -4.51   1.00
247.00   30.08 108.73  -2.06   1.00
248.00   33.43 107.48   0.70   1.00
249.00   36.46 106.09   3.74   1.00
250.00   39.15 104.59   7.04   1.00
251.00   41.47 102.98  10.56   1.00
252.00   43.40 101.29  14.28   1.00
253.00   44.92  99.53  18.15   1.00
254.00   46.02  97.72  22.13   1.00
255.00   46.68  95.87  26.20   1.00
256.00   46.90  94.00  30.30   1.00
257.00  -30.22 113.96  11.38   0.00
258.00  -30.20 113.11  15.81   1.00
259.00  -30.45 111.93  20.16   1.00
260.00  -30.97 110.41  24.38   1.00
261.00  -31.75 108.58  28.43   1.00
262.00  -32.79 106.46  32.28   1.00
263.00  -34.07 104.06  35.88   1.00
264.00  -35.59 101.40  39.20   1.00
265.00  -37.33  98.52  42.21   1.00
266.00  -39.26  95.44  44.88   1.00
267.00  -41.38  92.19  47.18   1.00
268.00  -43.67  88.80  49.10   1.00
269.00  -46.09  85.30  50.61   1.00
270.00  -48.63  81.73  51.70   1.00
271.00  -51.27  78.13  52.36   1.00
272.00  -53.97  74.52  52.58   1.00
273.00  -56.72  70.94  52.36   1.00
274.00  -59.48  67.43  51.70   1.00
275.00  -62.23  64.02  50.61   1.00
276.00  -64.94  60.74  49.10   1.00
277.00  -67.58  57.63  47.18   1.00
278.00  -70.14  54.71  44.88   1.00
279.00  -72.58  52.01  42.21   1.00
280.00  -74.89  49.56  39.20   1.00
281.00  -77.04  47.38  35.88   1.00
282.00  -79.00  45.50  32.28   1.00
283.00  -80.77  43.92  28.43   1.00
284.00  -82.32  42.68  24.38   1.00
285.00  -83.64  41.77  20.16   1.00
286.00  -84.71  41.21  15.81   1.00
287.00  -85.53  41.00  11.38   1.00
288.00  -86.09  41.14   6.90   1.00
289.00  -86.38  41.64   2.42   1.00
290.00  -86.40  42.49  -2.01   1.00
291.00  -86.15  43.67  -6.36   1.00
292.00  -85.63  45.19 -10.58   1.00
293.00  -84.85  47.02 -14.63   1.00
294.00  -83.81  49.14 -18.48   1.00
295.00  -82.53  51.54 -22.08   1.00
296.00  -81.01  54.20 -25.40   1.00
297.00  -79.27  57.08 -28.41   1.00
298.00  -77.34  60.16 -31.08   1.00
299.00  -75.22  63.41 -33.38   1.00
300.00  -72.93  66.80 -35.30   1.00
301.00  -70.51  70.30 -36.81   1.00
302.00  -67.97  73.87 -37.90   1.00
303.00  -65.33  77.47 -38.56   1.00
304.00  -62.63  81.08 -38.78   1.00
305.00  -59.88  84.66 -38.56   1.00
306.00  -57.12  88.17 -37.90   1.00
307.00  -54.37  91.58 -36.81   1.00
308.00  -51.66  94.86 -35.30   1.00
309.00  -49.02  97.97 -33.38   1.00
310.00  -46.46 100.89 -31.08   1.00
311.00  -44.02 103.59 -28.41   1.00
312.00  -41.71 106.04 -25.40   1.00
313.00  -39.56 108.22 -22.08   1.00
314.00  -37.60 110.10 -18.48   1.00
315.00  -35.83 111.68 -14.63   1.00
316.00  -34.28 112.92 -10.58   1.00
317.00  -32.96 113.83  -6.36   1.00
318.00  -31.89 114.39  -2.01   1.00
319.00  -31.07 114.60   2.42   1.00
320.00  -30.51 114.46   6.90   1.00
321.00   11.06  75.05  74.71   0.00
322.00   11.79  71.73  77.69   1.00
323.00   12.10  68.31  80.61   1.00
324.00   11.98  64.80  83.44   1.00
325.00   11.44  61.24  86.17   1.00
326.00   10.48  57.66  88.75   1.00
327.00    9.10  54.11  91.17   1.00
328.00    7.33  50.61  93.40   1.00
329.00    5.17  47.19  95.42   1.00
330.00    2.66  43.90  97.22   1.00
331.00   -0.19  40.76  98.76   1.00
332.00   -3.34  37.80 100.05   1.00
333.00   -6.78  35.05 101.07   1.00
334.00  -10.46  32.54 101.80   1.00
335.00  -14.35  30.29 102.24   1.00
336.00  -18.41  28.33 102.39   1.00
337.00  -22.60  26.67 102.24   1.00
338.00  -26.89  25.32 101.80   1.00
339.00  -31.23  24.31 101.07   1.00
340.00  -35.58  23.63 100.05   1.00
341.00  -39.89  23.31  98.76   1.00
342.00  -44.13  23.33  97.22   1.00
343.00  -48.26  23.71  95.42   1.00
344.00  -52.23  24.43  93.40   1.00
345.00  -56.00  25.49  91.17   1.00
346.00  -59.55  26.88  88.75   1.00
347.00  -62.84  28.59  86.17   1.00
348.00  -65.83  30.59  83.44   1.00
349.00  -68.50  32.88  80.61   1.00
350.00  -70.81  35.43  77.69   1.00
351.00  -72.76  38.20  74.71   1.00
352.00  -74.31  41.19  71.70   1.00
353.00  -75.46  44.35  68.69   1.00
354.00  -76.19  47.67  65.71   1.00
355.00  -76.50  51.09  62.79   1.00
356.00  -76.38  54.60  59.96   1.00
357.00  -75.84  58.16  57.23   1.00
358.00  -74.88  61.74  54.65   1.00
359.00  -73.50  65.29  52.23   1.00
360.00  -71.73  68.79  50.00   1.00
361.00  -69.57  72.21  47.98   1.00
362.00  -67.06  75.50  46.18   1.00
363.00  -64.21  78.64  44.64   1.00
364.00  -61.06  81.60  43.35   1.00
365.00  -57.62  84.35  42.33   1.00
366.00  -53.94  86.86  41.60   1.00
367.00  -50.05  89.11  41.16   1.00
368.00  -45.99  91.07  41.01   1.00
369.00  -41.80  92.73  41.16   1.00
370.00  -37.51  94.08  41.60   1.00
371.00  -33.17  95.09  42.33   1.00
372.00  -28.82  95.77  43.35   1.00
373.00  -24.51  96.09  44.64   1.00
374.00  -20.27  96.07  46.18   1.00
375.00  -16.14  95.69  47.98   1.00
376.00  -12.17  94.97  50.00   1.00
377.00   -8.40  93.91  52.23   1.00
378.00   -4.85  92.52  54.65   1.00
379.00   -1.56  90.81  57.23   1.00
380.00    1.43  88.81  59.96   1.00
381.00    4.10  86.52  62.79   1.00
382.00    6.41  83.97  65.71   1.00
383.00    8.36  81.20  68.69   1.00
384.00    9.91  78.21  71.70   1.00
385.00   69.95  32.02  75.25   0.00
386.00   67.71  29.93  78.57   1.00
387.00   65.15  28.14  81.82   1.00
388.00   62.29  26.65  84.98   1.00
389.00   59.15  25.49  88.02   1.00
390.00   55.77  24.67  90.89   1.00
391.00   52.19  24.19  93.59   1.00
392.00   48.42  24.06  96.08   1.00
393.00   44.51  24.28  98.33   1.00
394.00   40.51  24.84 100.33   1.00
395.00   36.43  25.75 102.05   1.00
396.00   32.34  27.00 103.49   1.00
397.00   28.26  28.56 104.62   1.00
398.00   24.23  30.43 105.43   1.00
399.00   20.30  32.59 105.92   1.00
400.00   16.50  35.02 106.09   1.00
401.00   12.86  37.69 105.92   1.00
402.00    9.43  40.58 105.43   1.00
403.00    6.23  43.66 104.62   1.00
404.00    3.30  46.91 103.49   1.00
405.00    0.67  50.28 102.05   1.00
406.00   -1.65  53.75 100.33   1.00
407.00   -3.62  57.28  98.33   1.00
408.00   -5.23  60.85  96.08   1.00
409.00   -6.47  64.41  93.59   1.00
410.00   -7.31  67.93  90.89   1.00
411.00   -7.76  71.38  88.02   1.00
412.00   -7.81  74.72  84.98   1.00
413.00   -7.46  77.93  81.82   1.00
414.00   -6.70  80.96  78.57   1.00
415.00   -5.56  83.80  75.25   1.00
416.00   -4.04  86.41  71.90   1.00
417.00   -2.15  88.78  68.55   1.00
418.00    0.09  90.87  65.23   1.00
419.00    2.65  92.66  61.98   1.00
420.00    5.51  94.15  58.82   1.00
421.00    8.65  95.31  55.78   1.00
422.00   12.03  96.13  52.91   1.00
423.00   15.61  96.61  50.21   1.00
424.00   19.38  96.74  47.72   1.00
425.00   23.29  96.52  45.47   1.00
426.00   27.29  95.96  43.47   1.00
427.00   31.37  95.05  41.75   1.00
428.00   35.46  93.80  40.31   1.00
429.00   39.54  92.24  39.18   1.00
430.00   43.57  90.37  38.37   1.00
431.00   47.50  88.21  37.88   1.00
432.00   51.30  85.78  37.71   1.00
433.00   54.94  83.11  37.88   1.00
434.00   58.37  80.22  38.37   1.00
435.00   61.57  77.14  39.18   1.00
436.00   64.50  73.89  40.31   1.00
437.00   67.13  70.52  41.75   1.00
438.00   69.45  67.05  43.47   1.00
439.00   71.42  63.52  45.47   1.00
440.00   73.03  59.95  47.72   1.00
441.00   74.27  56.39  50.21   1.00
442.00   75.11  52.87  52.91   1.00
443.00   75.56  49.42  55.78   1.00
444.00   75.61  46.08  58.82   1.00
445.00   75.26  42.87  61.98   1.00
446.00   74.50  39.84  65.23   1.00
447.00   73.36  37.00  68.55   1.00
448.00   71.84  34.39  71.90   1.00
449.00   83.17  42.71  13.17   0.00
450.00   81.64  42.40  17.41   1.00
451.00   79.86  42.44  21.56   1.00
452.00   77.87  42.86  25.59   1.00
453.00   75.67  43.63  29.46   1.00
454.00   73.30  44.75  33.13   1.00
455.00   70.77  46.22  36.56   1.00
456.00   68.10  48.02  39.73   1.00
457.00   65.33  50.13  42.61   1.00
458.00   62.48  52.53  45.16   1.00
459.00   59.58  55.19  47.36   1.00
460.00   56.65  58.10  49.19   1.00
461.00   53.72  61.22  50.63   1.00
462.00   50.83  64.52  51.67   1.00
463.00   47.99  67.98  52.30   1.00
464.00   45.25  71.56  52.51   1.00
465.00   42.61  75.22  52.30   1.00
466.00   40.12  78.93  51.67   1.00
467.00   37.78  82.65  50.63   1.00
468.00   35.63  86.35  49.19   1.00
469.00   33.69  89.99  47.36   1.00
470.00   31.97  93.54  45.16   1.00
471.00   30.50  96.96  42.61   1.00
472.00   29.28 100.22  39.73   1.00
473.00   28.32 103.28  36.56   1.00
474.00   27.64 106.13  33.13   1.00
475.00   27.25 108.73  29.46   1.00
476.00   27.14 111.05  25.59   1.00
477.00   27.31 113.08  21.56   1.00
478.00   27.78 114.79  17.41   1.00
479.00   28.52 116.17  13.17   1.00
480.00   29.54 117.21   8.90   1.00
481.00   30.83 117.89   4.63   1.00
482.00   32.36 118.20   0.39   1.00
483.00   34.14 118.16  -3.76   1.00
484.00   36.13 117.74  -7.79   1.00
485.00   38.33 116.97 -11.66   1.00
486.00   40.70 115.85 -15.33   1.00
487.00   43.23 114.38 -18.76   1.00
488.00   45.90 112.58 -21.93   1.00
489.00   48.67 110.47 -24.81   1.00
490.00   51.52 108.07 -27.36   1.00
491.00   54.42 105.41 -29.56   1.00
492.00   57.35 102.50 -31.39   1.00
493.00   60.28  99.38 -32.83   1.00
494.00   63.17  96.08 -33.87   1.00
495.00   66.01  92.62 -34.50   1.00
496.00   68.75  89.04 -34.71   1.00
497.00   71.39  85.38 -34.50   1.00
498.00   73.88  81.67 -33.87   1.00
499.00   76.22  77.95 -32.83   1.00
500.00   78.37  74.25 -31.39   1.00
501.00   80.31  70.61 -29.56   1.00
502.00   82.03  67.06 -27.36   1.00
503.00   83.50  63.64 -24.81   1.00
504.00   84.72  60.38 -21.93   1.00
505.00   85.68  57.32 -18.76   1.00
506.00   86.36  54.47 -15.33   1.00
507.00   86.75  51.87 -11.66   1.00
508.00   86.86  49.55  -7.79   1.00
509.00   86.69  47.52  -3.76   1.00
510.00   86.22  45.81   0.39   1.00
511.00   85.48  44.43   4.63   1.00
512.00   84.46  43.39   8.90   1.00
513.00  -78.41  70.12 -12.49   0.00
514.00  -78.52  69.47  -8.03   1.00
515.00  -78.70  68.39  -3.65   1.00
516.00  -78.96  66.89   0.60   1.00
517.00  -79.30  64.99   4.68   1.00
518.00  -79.71  62.70   8.56   1.00
519.00  -80.18  60.06  12.18   1.00
520.00  -80.72  57.07  15.53   1.00
521.00  -81.32  53.78  18.56   1.00
522.00  -81.96  50.21  21.25   1.00
523.00  -82.66  46.40  23.57   1.00
524.00  -83.39  42.39  25.50   1.00
525.00  -84.15  38.21  27.02   1.00
526.00  -84.94  33.90  28.12   1.00
527.00  -85.75  29.51  28.78   1.00
528.00  -86.56  25.07  29.00   1.00
529.00  -87.38  20.64  28.78   1.00
530.00  -88.19  16.25  28.12   1.00
531.00  -88.98  11.94  27.02   1.00
532.00  -89.75   7.76  25.50   1.00
533.00  -90.50   3.75  23.57   1.00
534.00  -91.20  -0.06  21.25   1.00
535.00  -91.87  -3.62  18.56   1.00
536.00  -92.48  -6.91  15.53   1.00
537.00  -93.04  -9.89  12.18   1.00
538.00  -93.54 -12.53   8.56   1.00
539.00  -93.97 -14.81   4.68   1.00
540.00  -94.33 -16.71   0.60   1.00
541.00  -94.62 -18.20  -3.65   1.00
542.00  -94.83 -19.28  -8.03   1.00
543.00  -94.96 -19.93 -12.49   1.00
544.00  -95.02 -20.14 -17.00   1.00
545.00  -94.99 -19.92 -21.51   1.00
546.00  -94.88 -19.27 -25.97   1.00
547.00  -94.70 -18.19 -30.35   1.00
548.00  -94.44 -16.69 -34.60   1.00
549.00  -94.10 -14.79 -38.68   1.00
550.00  -93.69 -12.50 -42.56   1.00
551.00  -93.22  -9.86 -46.18   1.00
552.00  -92.68  -6.87 -49.53   1.00
553.00  -92.08  -3.58 -52.56   1.00
554.00  -91.44  -0.01 -55.25   1.00
555.00  -90.74   3.80 -57.57   1.00
556.00  -90.01   7.81 -59.50   1.00
557.00  -89.25  11.99 -61.02   1.00
558.00  -88.46  16.30 -62.12   1.00
559.00  -87.65  20.69 -62.78   1.00
560.00  -86.84  25.13 -63.00   1.00
561.00  -86.02  29.56 -62.78   1.00
562.00  -85.21  33.95 -62.12   1.00
563.00  -84.42  38.26 -61.02   1.00
564.00  -83.65  42.44 -59.50   1.00
565.00  -82.90  46.45 -57.57   1.00
566.00  -82.20  50.26 -55.25   1.00
567.00  -81.53  53.82 -52.56   1.00
568.00  -80.92  57.11 -49.53   1.00
569.00  -80.36  60.09 -46.18   1.00
570.00  -79.86  62.73 -42.56   1.00
571.00  -79.43  65.01 -38.68   1.00
572.00  -79.07  66.91 -34.60   1.00
573.00  -78.78  68.40 -30.35   1.00
574.00  -78.57  69.48 -25.97   1.00
575.00  -78.44  70.13 -21.51   1.00
576.00  -78.38  70.34 -17.00   1.00
577.00  -58.95  74.05  46.02   0.00
578.00  -58.04  72.94  50.30   1.00
579.00  -57.31  71.44  54.50   1.00
580.00  -56.79  69.57  58.57   1.00
581.00  -56.47  67.34  62.48   1.00
582.00  -56.36  64.77  66.19   1.00
583.00  -56.46  61.89  69.67   1.00
584.00  -56.76  58.73  72.87   1.00
585.00  -57.27  55.31  75.78   1.00
586.00  -57.98  51.67  78.36   1.00
587.00  -58.88  47.85  80.58   1.00
588.00  -59.96  43.88  82.43   1.00
589.00  -61.22  39.79  83.89   1.00
590.00  -62.64  35.64  84.94   1.00
591.00  -64.21  31.45  85.57   1.00
592.00  -65.91  27.28  85.79   1.00
593.00  -67.73  23.15  85.57   1.00
594.00  -69.65  19.11  84.94   1.00
595.00  -71.64  15.20  83.89   1.00
596.00  -73.70  11.46  82.43   1.00
597.00  -75.80   7.92  80.58   1.00
598.00  -77.92   4.61  78.36   1.00
599.00  -80.04   1.57  75.78   1.00
600.00  -82.14  -1.17  72.87   1.00
601.00  -84.21  -3.59  69.67   1.00
602.00  -86.21  -5.66  66.19   1.00
603.00  -88.13  -7.37  62.48   1.00
604.00  -89.96  -8.69  58.57   1.00
605.00  -91.67  -9.62  54.50   1.00
606.00  -93.25 -10.14  50.30   1.00
607.00  -94.68 -10.25  46.02   1.00
608.00  -95.95  -9.95  41.70   1.00
609.00  -97.05  -9.25  37.38   1.00
610.00  -97.96  -8.14  33.10   1.00
611.00  -98.69  -6.64  28.90   1.00
612.00  -99.21  -4.77  24.83   1.00
613.00  -99.53  -2.54  20.92   1.00
614.00  -99.64   0.03  17.21   1.00
615.00  -99.54   2.91  13.73   1.00
616.00  -99.24   6.07  10.53   1.00
617.00  -98.73   9.49   7.62   1.00
618.00  -98.02  13.13   5.04   1.00
619.00  -97.12  16.95   2.82   1.00
620.00  -96.04  20.92   0.97   1.00
621.00  -94.78  25.01  -0.49   1.00
622.00  -93.36  29.16  -1.54   1.00
623.00  -91.79  33.35  -2.17   1.00
624.00  -90.09  37.52  -2.39   1.00
625.00  -88.27  41.65  -2.17   1.00
626.00  -86.35  45.69  -1.54   1.00
627.00  -84.36  49.60  -0.49   1.00
628.00  -82.30  53.34   0.97   1.00
629.00  -80.20  56.88   2.82   1.00
630.00  -78.08  60.19   5.04   1.00
631.00  -75.96  63.23   7.62   1.00
632.00  -73.86  65.97  10.53   1.00
633.00  -71.79  68.39  13.73   1.00
634.00  -69.79  70.46  17.21   1.00
635.00  -67.87  72.17  20.92   1.00
636.00  -66.04  73.49  24.83   1.00
637.00  -64.33  74.42  28.90   1.00
638.00  -62.75  74.94  33.10   1.00
639.00  -61.32  75.05  37.38   1.00
640.00  -60.05  74.75  41.70   1.00
641.00  -43.80  38.43  84.15   0.00
642.00  -40.47  37.29  86.98   1.00
643.00  -37.27  35.73  89.75   1.00
644.00  -34.22  33.76  92.43   1.00
645.00  -31.36  31.40  95.02   1.00
646.00  -28.72  28.68  97.46   1.00
647.00  -26.32  25.62  99.76   1.00
648.00  -24.18  22.26 101.87   1.00
649.00  -22.33  18.62 103.79   1.00
650.00  -20.77  14.73 105.49   1.00
651.00  -19.54  10.65 106.96   1.00
652.00  -18.63   6.40 108.18   1.00
653.00  -18.07   2.02 109.14   1.00
654.00  -17.84  -2.43 109.84   1.00
655.00  -17.96  -6.92 110.26   1.00
656.00  -18.43 -11.41 110.40   1.00
657.00  -19.23 -15.85 110.26   1.00
658.00  -20.37 -20.20 109.84   1.00
659.00  -21.82 -24.42 109.14   1.00
660.00  -23.59 -28.46 108.18   1.00
661.00  -25.64 -32.29 106.96   1.00
662.00  -27.97 -35.87 105.49   1.00
663.00  -30.54 -39.17 103.79   1.00
664.00  -33.33 -42.15 101.87   1.00
665.00  -36.32 -44.78  99.76   1.00
666.00  -39.48 -47.05  97.46   1.00
667.00  -42.78 -48.93  95.02   1.00
668.00  -46.18 -50.39  92.43   1.00
669.00  -49.65 -51.44  89.75   1.00
670.00  -53.17 -52.05  86.98   1.00
671.00  -56.68 -52.21  84.15   1.00
672.00  -60.17 -51.94  81.30   1.00
673.00  -63.60 -51.23  78.45   1.00
674.00  -66.93 -50.09  75.62   1.00
675.00  -70.13 -48.53  72.85   1.00
676.00  -73.18 -46.56  70.17   1.00
677.00  -76.04 -44.20  67.58   1.00
678.00  -78.68 -41.48  65.14   1.00
679.00  -81.08 -38.42  62.84   1.00
680.00  -83.22 -35.06  60.73   1.00
681.00  -85.07 -31.42  58.81   1.00
682.00  -86.63 -27.53  57.11   1.00
683.00  -87.86 -23.45  55.64   1.00
684.00  -88.77 -19.20  54.42   1.00
685.00  -89.33 -14.82  53.46   1.00
686.00  -89.56 -10.37  52.76   1.00
687.00  -89.44  -5.88  52.34   1.00
688.00  -88.97  -1.39  52.20   1.00
689.00  -88.17   3.05  52.34   1.00
690.00  -87.03   7.40  52.76   1.00
691.00  -85.58  11.62  53.46   1.00
692.00  -83.81  15.66  54.42   1.00
693.00  -81.76  19.49  55.64   1.00
694.00  -79.43  23.07  57.11   1.00
695.00  -76.86  26.37  58.81   1.00
696.00  -74.07  29.35  60.73   1.00
697.00  -71.08  31.98  62.84   1.00
698.00  -67.92  34.25  65.14   1.00
699.00  -64.62  36.13  67.58   1.00
700.00  -61.22  37.59  70.17   1.00
701.00  -57.75  38.64  72.85   1.00
702.00  -54.23  39.25  75.62   1.00
703.00  -50.72  39.41  78.45   1.00
704.00  -47.23  39.14  81.30   1.00
705.00   45.72  24.13  95.00   0.00
706.00   46.26  19.69  95.59   1.00
707.00   46.35  15.21  96.18   1.00
708.00   46.00  10.75  96.74   1.00
709.00   45.21   6.33  97.29   1.00
710.00   43.99   2.02  97.80   1.00
711.00   42.35  -2.16  98.28   1.00
712.00   40.31  -6.16  98.73   1.00
713.00   37.88  -9.94  99.13   1.00
714.00   35.09 -13.47  99.49   1.00
715.00   31.97 -16.72  99.80   1.00
716.00   28.54 -19.65 100.05   1.00
717.00   24.84 -22.23 100.26   1.00
718.00   20.91 -24.43 100.40   1.00
719.00   16.78 -26.25 100.49   1.00
720.00   12.49 -27.66 100.52   1.00
721.00    8.08 -28.64 100.49   1.00
722.00    3.60 -29.19 100.40   1.00
723.00   -0.91 -29.31 100.26   1.00
724.00   -5.40 -28.98 100.05   1.00
725.00   -9.85 -28.22  99.80   1.00
726.00  -14.19 -27.03  99.49   1.00
727.00  -18.39 -25.42  99.13   1.00
728.00  -22.41 -23.41  98.73   1.00
729.00  -26.22 -21.02  98.28   1.00
730.00  -29.76 -18.26  97.80   1.00
731.00  -33.02 -15.18  97.29   1.00
732.00  -35.95 -11.79  96.74   1.00
733.00  -38.53  -8.13  96.18   1.00
734.00  -40.74  -4.24  95.59   1.00
735.00  -42.55  -0.15  95.00   1.00
736.00  -43.95   4.10  94.40   1.00
737.00  -44.92   8.47  93.80   1.00
738.00  -45.46  12.91  93.21   1.00
739.00  -45.55  17.39  92.62   1.00
740.00  -45.20  21.85  92.06   1.00
741.00  -44.41  26.27  91.51   1.00
742.00  -43.19  30.58  91.00   1.00
743.00  -41.55  34.76  90.52   1.00
744.00  -39.51  38.76  90.07   1.00
745.00  -37.08  42.54  89.67   1.00
746.00  -34.29  46.07  89.31   1.00
747.00  -31.17  49.32  89.00   1.00
748.00  -27.74  52.25  88.75   1.00
749.00  -24.04  54.83  88.54   1.00
750.00  -20.11  57.03  88.40   1.00
751.00  -15.98  58.85  88.31   1.00
752.00  -11.69  60.26  88.28   1.00
753.00   -7.28  61.24  88.31   1.00
754.00   -2.80  61.79  88.40   1.00
755.00    1.71  61.91  88.54   1.00
756.00    6.20  61.58  88.75   1.00
757.00   10.65  60.82  89.00   1.00
758.00   14.99  59.63  89.31   1.00
759.00   19.19  58.02  89.67   1.00
760.00   23.21  56.01  90.07   1.00
761.00   27.02  53.62  90.52   1.00
762.00   30.56  50.86  91.00   1.00
763.00   33.82  47.78  91.51   1.00
764.00   36.75  44.39  92.06   1.00
765.00   39.33  40.73  92.62   1.00
766.00   41.54  36.84  93.21   1.00
767.00   43.35  32.75  93.80   1.00
768.00   44.75  28.50  94.40   1.00
769.00   58.39 -51.31  82.62   0.00
770.00   54.93 -51.30  85.52   1.00
771.00   51.45 -50.84  88.36   1.00
772.00   47.98 -49.96  91.11   1.00
773.00   44.57 -48.64  93.76   1.00
774.00   41.24 -46.91  96.27   1.00
775.00   38.03 -44.79  98.62   1.00
776.00   34.96 -42.29 100.78   1.00
777.00   32.06 -39.43 102.75   1.00
778.00   29.37 -36.25 104.49   1.00
779.00   26.91 -32.78 106.00   1.00
780.00   24.71 -29.05 107.25   1.00
781.00   22.77 -25.09 108.23   1.00
782.00   21.13 -20.94 108.95   1.00
783.00   19.80 -16.65 109.38   1.00
784.00   18.79 -12.25 109.52   1.00
785.00   18.11  -7.79 109.38   1.00
786.00   17.77  -3.31 108.95   1.00
787.00   17.78   1.15 108.23   1.00
788.00   18.12   5.54 107.25   1.00
789.00   18.80   9.82 106.00   1.00
790.00   19.81  13.96 104.49   1.00
791.00   21.14  17.90 102.75   1.00
792.00   22.78  21.62 100.78   1.00
793.00   24.72  25.07  98.62   1.00
794.00   26.93  28.23  96.27   1.00
795.00   29.39  31.06  93.76   1.00
796.00   32.08  33.54  91.11   1.00
797.00   34.98  35.64  88.36   1.00
798.00   38.05  37.34  85.52   1.00
799.00   41.26  38.63  82.62   1.00
800.00   44.59  39.49  79.70   1.00
801.00   48.01  39.91  76.78   1.00
802.00   51.47  39.90  73.88   1.00
803.00   54.95  39.44  71.04   1.00
804.00   58.42  38.56  68.29   1.00
805.00   61.83  37.24  65.64   1.00
806.00   65.16  35.51  63.13   1.00
807.00   68.37  33.39  60.78   1.00
808.00   71.44  30.89  58.62   1.00
809.00   74.34  28.03  56.65   1.00
810.00   77.03  24.85  54.91   1.00
811.00   79.49  21.38  53.40   1.00
812.00   81.69  17.65  52.15   1.00
813.00   83.63  13.69  51.17   1.00
814.00   85.27   9.54  50.45   1.00
815.00   86.60   5.25  50.02   1.00
816.00   87.61   0.85  49.88   1.00
817.00   88.29  -3.61  50.02   1.00
818.00   88.63  -8.09  50.45   1.00
819.00   88.62 -12.55  51.17   1.00
820.00   88.28 -16.94  52.15   1.00
821.00   87.60 -21.22  53.40   1.00
822.00   86.59 -25.36  54.91   1.00
823.00   85.26 -29.30  56.65   1.00
824.00   83.62 -33.02  58.62   1.00
825.00   81.68 -36.47  60.78   1.00
826.00   79.47 -39.63  63.13   1.00
827.00   77.01 -42.46  65.64   1.00
828.00   74.32 -44.94  68.29   1.00
829.00   71.42 -47.04  71.04   1.00
830.00   68.35 -48.74  73.88   1.00
831.00   65.14 -50.03  76.78   1.00
832.00   61.81 -50.89  79.70   1.00
833.00   86.96 -10.73  44.82   0.00
834.00   85.94 -10.37  49.21   1.00
835.00   84.79  -9.60  53.50   1.00
836.00   83.54  -8.41  57.67   1.00
837.00   82.19  -6.82  61.68   1.00
838.00   80.75  -4.85  65.48   1.00
839.00   79.25  -2.52  69.04   1.00
840.00   77.68   0.16  72.32   1.00
841.00   76.08   3.15  75.29   1.00
842.00   74.45   6.43  77.93   1.00
843.00   72.81   9.96  80.21   1.00
844.00   71.17  13.72  82.11   1.00
845.00   69.56  17.66  83.60   1.00
846.00   67.98  21.75  84.67   1.00
847.00   66.46  25.95  85.32   1.00
848.00   65.00  30.22  85.54   1.00
849.00   63.63  34.51  85.32   1.00
850.00   62.34  38.79  84.67   1.00
851.00   61.17  43.02  83.60   1.00
852.00   60.11  47.14  82.11   1.00
853.00   59.18  51.13  80.21   1.00
854.00   58.39  54.95  77.93   1.00
855.00   57.74  58.56  75.29   1.00
856.00   57.24  61.91  72.32   1.00
857.00   56.90  64.99  69.04   1.00
858.00   56.72  67.77  65.48   1.00
859.00   56.69  70.20  61.68   1.00
860.00   56.83  72.28  57.67   1.00
861.00   57.13  73.98  53.50   1.00
862.00   57.59  75.29  49.21   1.00
863.00   58.19  76.19  44.82   1.00
864.00   58.95  76.67  40.40   1.00
865.00   59.84  76.73  35.98   1.00
866.00   60.86  76.37  31.59   1.00
867.00   62.01  75.60  27.30   1.00
868.00   63.26  74.41  23.13   1.00
869.00   64.61  72.82  19.12   1.00
870.00   66.05  70.85  15.32   1.00
871.00   67.55  68.52  11.76   1.00
872.00   69.12  65.84   8.48   1.00
873.00   70.72  62.85   5.51   1.00
874.00   72.35  59.57   2.87   1.00
875.00   73.99  56.04   0.59   1.00
876.00   75.63  52.28  -1.31   1.00
877.00   77.24  48.34  -2.80   1.00
878.00   78.82  44.25  -3.87   1.00
879.00   80.34  40.05  -4.52   1.00
880.00   81.80  35.78  -4.74   1.00
881.00   83.17  31.49  -4.52   1.00
882.00   84.46  27.21  -3.87   1.00
883.00   85.63  22.98  -2.80   1.00
884.00   86.69  18.86  -1.31   1.00
885.00   87.62  14.87   0.59   1.00
886.00   88.41  11.05   2.87   1.00
887.00   89.06   7.44   5.51   1.00
888.00   89.56   4.09   8.48   1.00
889.00   89.90   1.01  11.76   1.00
890.00   90.08  -1.77  15.32   1.00
891.00   90.11  -4.20  19.12   1.00
892.00   89.97  -6.28  23.13   1.00
893.00   89.67  -7.98  27.30   1.00
894.00   89.21  -9.29  31.59   1.00
895.00   88.61 -10.19  35.98   1.00
896.00   87.85 -10.67  40.40   1.00
897.00  101.21 -17.46 -11.87   0.00
898.00  100.20 -17.11  -7.49   1.00
899.00   99.06 -16.35  -3.18   1.00
900.00   97.80 -15.18   0.99   1.00
901.00   96.44 -13.62   5.00   1.00
902.00   94.98 -11.67   8.80   1.00
903.00   93.44  -9.36  12.36   1.00
904.00   91.84  -6.71  15.65   1.00
905.00   90.20  -3.74  18.63   1.00
906.00   88.52  -0.49  21.27   1.00
907.00   86.82   3.02  23.55   1.00
908.00   85.12   6.75  25.44   1.00
909.00   83.44  10.66  26.94   1.00
910.00   81.79  14.72  28.01   1.00
911.00   80.19  18.89  28.66   1.00
912.00   78.65  23.13  28.88   1.00
913.00   77.20  27.40  28.66   1.00
914.00   75.83  31.65  28.01   1.00
915.00   74.57  35.85  26.94   1.00
916.00   73.43  39.95  25.44   1.00
917.00   72.41  43.92  23.55   1.00
918.00   71.54  47.72  21.27   1.00
919.00   70.81  51.31  18.63   1.00
920.00   70.24  54.65  15.65   1.00
921.00   69.82  57.72  12.36   1.00
922.00   69.57  60.48   8.80   1.00
923.00   69.48  62.91   5.00   1.00
924.00   69.57  64.99   0.99   1.00
925.00   69.81  66.69  -3.18   1.00
926.00   70.22  67.99  -7.49   1.00
927.00   70.80  68.90 -11.87   1.00
928.00   71.52  69.39 -16.30   1.00
929.00   72.39  69.46 -20.73   1.00
930.00   73.40  69.11 -25.11   1.00
931.00   74.54  68.35 -29.42   1.00
932.00   75.80  67.18 -33.59   1.00
933.00   77.16  65.62 -37.60   1.00
934.00   78.62  63.67 -41.40   1.00
935.00   80.16  61.36 -44.96   1.00
936.00   81.76  58.71 -48.25   1.00
937.00   83.40  55.74 -51.23   1.00
938.00   85.08  52.49 -53.87   1.00
939.00   86.78  48.98 -56.15   1.00
940.00   88.48  45.25 -58.04   1.00
941.00   90.16  41.34 -59.54   1.00
942.00   91.81  37.28 -60.61   1.00
943.00   93.41  33.11 -61.26   1.00
944.00   94.95  28.87 -61.48   1.00
945.00   96.40  24.60 -61.26   1.00
946.00   97.77  20.35 -60.61   1.00
947.00   99.03  16.15 -59.54   1.00
948.00  100.17  12.05 -58.04   1.00
949.00  101.19   8.08 -56.15   1.00
950.00  102.06   4.28 -53.87   1.00
951.00  102.79   0.69 -51.23   1.00
952.00  103.36  -2.65 -48.25   1.00
953.00  103.78  -5.72 -44.96   1.00
954.00  104.03  -8.48 -41.40   1.00
955.00  104.12 -10.91 -37.60   1.00
956.00  104.03 -12.99 -33.59   1.00
957.00  103.79 -14.69 -29.42   1.00
958.00  103.38 -15.99 -25.11   1.00
959.00  102.80 -16.90 -20.73   1.00
960.00  102.08 -17.39 -16.30   1.00
961.00  -86.19  54.66 -84.71   0.00
962.00  -85.27  53.99 -89.08   1.00
963.00  -84.37  52.88 -93.36   1.00
964.00  -83.51  51.35 -97.52   1.00
965.00  -82.69  49.41 -101.51   1.00
966.00  -81.91  47.08 -105.30   1.00
967.00  -81.19  44.38 -108.84   1.00
968.00  -80.53  41.34 -112.12   1.00
969.00  -79.95  37.99 -115.08   1.00
970.00  -79.43  34.35 -117.71   1.00
971.00  -79.00  30.48 -119.98   1.00
972.00  -78.65  26.39 -121.87   1.00
973.00  -78.38  22.14 -123.36   1.00
974.00  -78.21  17.76 -124.43   1.00
975.00  -78.13  13.29 -125.08   1.00
976.00  -78.14   8.78 -125.30   1.00
977.00  -78.24   4.27 -125.08   1.00
978.00  -78.44  -0.19 -124.43   1.00
979.00  -78.72  -4.57 -123.36   1.00
980.00  -79.09  -8.81 -121.87   1.00
981.00  -79.54 -12.89 -119.98   1.00
982.00  -80.07 -16.75 -117.71   1.00
983.00  -80.67 -20.37 -115.08   1.00
984.00  -81.35 -23.71 -112.12   1.00
985.00  -82.08 -26.73 -108.84   1.00
986.00  -82.87 -29.41 -105.30   1.00
987.00  -83.70 -31.72 -101.51   1.00
988.00  -84.57 -33.64 -97.52   1.00
989.00  -85.48 -35.15 -93.36   1.00
990.00  -86.40 -36.24 -89.08   1.00
991.00  -87.34 -36.89 -84.71   1.00
992.00  -88.27 -37.10 -80.30   1.00
993.00  -89.21 -36.86 -75.89   1.00
994.00  -90.13 -36.19 -71.52   1.00
995.00  -91.03 -35.08 -67.24   1.00
996.00  -91.89 -33.55 -63.08   1.00
997.00  -92.71 -31.61 -59.09   1.00
998.00  -93.49 -29.28 -55.30   1.00
999.00  -94.21 -26.58 -51.76   1.00
1000.00  -94.87 -23.54 -48.48   1.00
1001.00  -95.45 -20.19 -45.52   1.00
1002.00  -95.97 -16.55 -42.89   1.00
1003.00  -96.40 -12.68 -40.62   1.00
1004.00  -96.75  -8.59 -38.73   1.00
1005.00  -97.02  -4.34 -37.24   1.00
1006.00  -97.19   0.04 -36.17   1.00
1007.00  -97.27   4.51 -35.52   1.00
1008.00  -97.26   9.02 -35.30   1.00
1009.00  -97.16  13.53 -35.52   1.00
1010.00  -96.96  17.99 -36.17   1.00
1011.00  -96.68  22.37 -37.24   1.00
1012.00  -96.31  26.61 -38.73   1.00
1013.00  -95.86  30.69 -40.62   1.00
1014.00  -95.33  34.55 -42.89   1.00
1015.00  -94.73  38.17 -45.52   1.00
1016.00  -94.05  41.51 -48.48   1.00
1017.00  -93.32  44.53 -51.76   1.00
1018.00  -92.53  47.21 -55.30   1.00
1019.00  -91.70  49.52 -59.09   1.00
1020.00  -90.83  51.44 -63.08   1.00
1021.00  -89.92  52.95 -67.24   1.00
1022.00  -89.00  54.04 -71.52   1.00
1023.00  -88.06  54.69 -75.89   1.00
1024.00  -87.13  54.90 -80.30   1.00
1025.00  -92.59   6.81 -38.10   0.00
1026.00  -92.35   6.17 -42.57   1.00
1027.00  -92.07   5.09 -46.94   1.00
1028.00  -91.76   3.59 -51.19   1.00
1029.00  -91.42   1.69 -55.27   1.00
1030.00  -91.06  -0.61 -59.13   1.00
1031.00  -90.67  -3.28 -62.76   1.00
1032.00  -90.26  -6.28 -66.10   1.00
1033.00  -89.84  -9.60 -69.13   1.00
1034.00  -89.40 -13.20 -71.81   1.00
1035.00  -88.96 -17.05 -74.13   1.00
1036.00  -88.52 -21.11 -76.06   1.00
1037.00  -88.08 -25.34 -77.58   1.00
1038.00  -87.64 -29.70 -78.68   1.00
1039.00  -87.22 -34.14 -79.34   1.00
1040.00  -86.81 -38.63 -79.56   1.00
1041.00  -86.41 -43.12 -79.34   1.00
1042.00  -86.04 -47.57 -78.68   1.00
1043.00  -85.70 -51.94 -77.58   1.00
1044.00  -85.38 -56.18 -76.06   1.00
1045.00  -85.10 -60.25 -74.13   1.00
1046.00  -84.85 -64.11 -71.81   1.00
1047.00  -84.64 -67.74 -69.13   1.00
1048.00  -84.46 -71.08 -66.10   1.00
1049.00  -84.33 -74.11 -62.76   1.00
1050.00  -84.24 -76.80 -59.13   1.00
1051.00  -84.19 -79.13 -55.27   1.00
1052.00  -84.19 -81.06 -51.19   1.00
1053.00  -84.23 -82.59 -46.94   1.00
1054.00  -84.31 -83.70 -42.57   1.00
1055.00  -84.44 -84.38 -38.10   1.00
1056.00  -84.60 -84.62 -33.60   1.00
1057.00  -84.81 -84.41 -29.10   1.00
1058.00  -85.05 -83.77 -24.63   1.00
1059.00  -85.33 -82.69 -20.26   1.00
1060.00  -85.64 -81.19 -16.01   1.00
1061.00  -85.98 -79.29 -11.93   1.00
1062.00  -86.34 -76.99  -8.07   1.00
1063.00  -86.73 -74.32  -4.44   1.00
1064.00  -87.14 -71.32  -1.10   1.00
1065.00  -87.56 -68.00   1.93   1.00
1066.00  -88.00 -64.40   4.61   1.00
1067.00  -88.44 -60.55   6.93   1.00
1068.00  -88.88 -56.49   8.86   1.00
1069.00  -89.32 -52.26  10.38   1.00
1070.00  -89.76 -47.90  11.48   1.00
1071.00  -90.18 -43.46  12.14   1.00
1072.00  -90.59 -38.97  12.36   1.00
1073.00  -90.99 -34.48  12.14   1.00
1074.00  -91.36 -30.03  11.48   1.00
1075.00  -91.70 -25.66  10.38   1.00
1076.00  -92.02 -21.42   8.86   1.00
1077.00  -92.30 -17.35   6.93   1.00
1078.00  -92.55 -13.49   4.61   1.00
1079.00  -92.76  -9.86   1.93   1.00
1080.00  -92.94  -6.52  -1.10   1.00
1081.00  -93.07  -3.49  -4.44   1.00
1082.00  -93.16  -0.80  -8.07   1.00
1083.00  -93.21   1.53 -11.93   1.00
1084.00  -93.21   3.46 -16.01   1.00
1085.00  -93.17   4.99 -20.26   1.00
1086.00  -93.09   6.10 -24.63   1.00
1087.00  -92.96   6.78 -29.10   1.00
1088.00  -92.80   7.02 -33.60   1.00
1089.00  -92.20  24.48  34.99   0.00
1090.00  -91.10  23.94  39.33   1.00
1091.00  -89.96  22.97  43.59   1.00
1092.00  -88.81  21.58  47.73   1.00
1093.00  -87.64  19.78  51.70   1.00
1094.00  -86.48  17.58  55.46   1.00
1095.00  -85.33  15.01  58.99   1.00
1096.00  -84.20  12.09  62.25   1.00
1097.00  -83.11   8.85  65.20   1.00
1098.00  -82.06   5.32  67.81   1.00
1099.00  -81.07   1.54  70.07   1.00
1100.00  -80.14  -2.46  71.95   1.00
1101.00  -79.29  -6.63  73.43   1.00
1102.00  -78.52 -10.95  74.50   1.00
1103.00  -77.83 -15.37  75.14   1.00
1104.00  -77.25 -19.84  75.36   1.00
1105.00  -76.76 -24.32  75.14   1.00
1106.00  -76.39 -28.77  74.50   1.00
1107.00  -76.12 -33.15  73.43   1.00
1108.00  -75.96 -37.41  71.95   1.00
1109.00  -75.92 -41.52  70.07   1.00
1110.00  -75.99 -45.43  67.81   1.00
1111.00  -76.18 -49.10  65.20   1.00
1112.00  -76.48 -52.50  62.25   1.00
1113.00  -76.88 -55.61  58.99   1.00
1114.00  -77.40 -58.38  55.46   1.00
1115.00  -78.01 -60.79  51.70   1.00
1116.00  -78.72 -62.82  47.73   1.00
1117.00  -79.51 -64.44  43.59   1.00
1118.00  -80.39 -65.65  39.33   1.00
1119.00  -81.33 -66.43  34.99   1.00
1120.00  -82.34 -66.77  30.60   1.00
1121.00  -83.40 -66.68  26.21   1.00
1122.00  -84.50 -66.14  21.87   1.00
1123.00  -85.64 -65.17  17.61   1.00
1124.00  -86.79 -63.78  13.47   1.00
1125.00  -87.96 -61.98   9.50   1.00
1126.00  -89.12 -59.78   5.74   1.00
1127.00  -90.27 -57.21   2.21   1.00
1128.00  -91.40 -54.29  -1.05   1.00
1129.00  -92.49 -51.05  -4.00   1.00
1130.00  -93.54 -47.52  -6.61   1.00
1131.00  -94.53 -43.74  -8.87   1.00
1132.00  -95.46 -39.74 -10.75   1.00
1133.00  -96.31 -35.57 -12.23   1.00
1134.00  -97.08 -31.25 -13.30   1.00
1135.00  -97.77 -26.83 -13.94   1.00
1136.00  -98.35 -22.36 -14.16   1.00
1137.00  -98.84 -17.88 -13.94   1.00
1138.00  -99.21 -13.43 -13.30   1.00
1139.00  -99.48  -9.05 -12.23   1.00
1140.00  -99.64  -4.79 -10.75   1.00
1141.00  -99.68  -0.68  -8.87   1.00
1142.00  -99.61   3.23  -6.61   1.00
1143.00  -99.42   6.90  -4.00   1.00
1144.00  -99.12  10.30  -1.05   1.00
1145.00  -98.72  13.41   2.21   1.00
1146.00  -98.20  16.18   5.74   1.00
1147.00  -97.59  18.59   9.50   1.00
1148.00  -96.88  20.62  13.47   1.00
1149.00  -96.09  22.24  17.61   1.00
1150.00  -95.21  23.45  21.87   1.00
1151.00  -94.27  24.23  26.21   1.00
1152.00  -93.26  24.57  30.60   1.00
1153.00  -70.63 -29.07  65.66   0.00
1154.00  -67.78 -28.36  69.09   1.00
1155.00  -64.78 -28.07  72.45   1.00
1156.00  -61.66 -28.19  75.71   1.00
1157.00  -58.45 -28.73  78.84   1.00
1158.00  -55.19 -29.68  81.81   1.00
1159.00  -51.90 -31.02  84.59   1.00
1160.00  -48.61 -32.76  87.16   1.00
1161.00  -45.36 -34.86  89.48   1.00
1162.00  -42.19 -37.31  91.55   1.00
1163.00  -39.11 -40.09  93.33   1.00
1164.00  -36.16 -43.17  94.81   1.00
1165.00  -33.36 -46.52  95.98   1.00
1166.00  -30.76 -50.11  96.82   1.00
1167.00  -28.36 -53.90  97.33   1.00
1168.00  -26.19 -57.85  97.49   1.00
1169.00  -24.28 -61.94  97.33   1.00
1170.00  -22.64 -66.11  96.82   1.00
1171.00  -21.28 -70.34  95.98   1.00
1172.00  -20.23 -74.57  94.81   1.00
1173.00  -19.49 -78.77  93.33   1.00
1174.00  -19.06 -82.90  91.55   1.00
1175.00  -18.96 -86.91  89.48   1.00
1176.00  -19.18 -90.77  87.16   1.00
1177.00  -19.72 -94.45  84.59   1.00
1178.00  -20.58 -97.90  81.81   1.00
1179.00  -21.75 -101.09  78.84   1.00
1180.00  -23.21 -103.99  75.71   1.00
1181.00  -24.95 -106.58  72.45   1.00
1182.00  -26.96 -108.83  69.09   1.00
1183.00  -29.21 -110.72  65.66   1.00
1184.00  -31.69 -112.22  62.20   1.00
1185.00  -34.37 -113.33  58.74   1.00
1186.00  -37.22 -114.04  55.31   1.00
1187.00  -40.22 -114.33  51.95   1.00
1188.00  -43.34 -114.21  48.69   1.00
1189.00  -46.55 -113.67  45.56   1.00
1190.00  -49.81 -112.72  42.59   1.00
1191.00  -53.10 -111.38  39.81   1.00
1192.00  -56.39 -109.64  37.24   1.00
1193.00  -59.64 -107.54  34.92   1.00
1194.00  -62.81 -105.09  32.85   1.00
1195.00  -65.89 -102.31  31.07   1.00
1196.00  -68.84 -99.23  29.59   1.00
1197.00  -71.64 -95.88  28.42   1.00
1198.00  -74.24 -92.29  27.58   1.00
1199.00  -76.64 -88.50  27.07   1.00
1200.00  -78.81 -84.55  26.91   1.00
1201.00  -80.72 -80.46  27.07   1.00
1202.00  -82.36 -76.29  27.58   1.00
1203.00  -83.72 -72.06  28.42   1.00
1204.00  -84.77 -67.83  29.59   1.00
1205.00  -85.51 -63.63  31.07   1.00
1206.00  -85.94 -59.50  32.85   1.00
1207.00  -86.04 -55.49  34.92   1.00
1208.00  -85.82 -51.63  37.24   1.00
1209.00  -85.28 -47.95  39.81   1.00
1210.00  -84.42 -44.50  42.59   1.00
1211.00  -83.25 -41.31  45.56   1.00
1212.00  -81.79 -38.41  48.69   1.00
1213.00  -80.05 -35.82  51.95   1.00
1214.00  -78.04 -33.57  55.31   1.00
1215.00  -75.79 -31.68  58.74   1.00
1216.00  -73.31 -30.18  62.20   1.00
1217.00  -45.06 -41.57  92.51   0.00
1218.00  -44.68 -37.27  93.81   1.00
1219.00  -43.86 -33.02  95.09   1.00
1220.00  -42.60 -28.86  96.32   1.00
1221.00  -40.93 -24.84  97.51   1.00
1222.00  -38.86 -20.99  98.64   1.00
1223.00  -36.40 -17.35  99.69   1.00
1224.00  -33.58 -13.96 100.67   1.00
1225.00  -30.43 -10.85 101.55   1.00
1226.00  -26.98  -8.05 102.33   1.00
1227.00  -23.26  -5.58 103.01   1.00
1228.00  -19.31  -3.47 103.57   1.00
1229.00  -15.17  -1.75 104.01   1.00
1230.00  -10.86  -0.41 104.33   1.00
1231.00   -6.45   0.51 104.53   1.00
1232.00   -1.96   1.01 104.59   1.00
1233.00    2.55   1.10 104.53   1.00
1234.00    7.05   0.75 104.33   1.00
1235.00   11.48  -0.01 104.01   1.00
1236.00   15.82  -1.18 103.57   1.00
1237.00   20.01  -2.76 103.01   1.00
1238.00   24.02  -4.72 102.33   1.00
1239.00   27.81  -7.05 101.55   1.00
1240.00   31.33  -9.73 100.67   1.00
1241.00   34.57 -12.73  99.69   1.00
1242.00   37.48 -16.01  98.64   1.00
1243.00   40.03 -19.56  97.51   1.00
1244.00   42.21 -23.33  96.32   1.00
1245.00   43.99 -27.29  95.09   1.00
1246.00   45.36 -31.40  93.81   1.00
1247.00   46.30 -35.62  92.51   1.00
1248.00   46.80 -39.91  91.20   1.00
1249.00   46.86 -44.23  89.89   1.00
1250.00   46.48 -48.53  88.59   1.00
1251.00   45.66 -52.78  87.31   1.00
1252.00   44.40 -56.94  86.08   1.00
1253.00   42.73 -60.96  84.89   1.00
1254.00   40.66 -64.81  83.76   1.00
1255.00   38.20 -68.45  82.71   1.00
1256.00   35.38 -71.84  81.73   1.00
1257.00   32.23 -74.95  80.85   1.00
1258.00   28.78 -77.75  80.07   1.00
1259.00   25.06 -80.22  79.39   1.00
1260.00   21.11 -82.33  78.83   1.00
1261.00   16.97 -84.05  78.39   1.00
1262.00   12.66 -85.39  78.07   1.00
1263.00    8.25 -86.31  77.87   1.00
1264.00    3.76 -86.81  77.81   1.00
1265.00   -0.75 -86.90  77.87   1.00
1266.00   -5.25 -86.55  78.07   1.00
1267.00   -9.68 -85.79  78.39   1.00
1268.00  -14.02 -84.62  78.83   1.00
1269.00  -18.21 -83.04  79.39   1.00
1270.00  -22.22 -81.08  80.07   1.00
1271.00  -26.01 -78.75  80.85   1.00
1272.00  -29.53 -76.07  81.73   1.00
1273.00  -32.77 -73.07  82.71   1.00
1274.00  -35.68 -69.79  83.76   1.00
1275.00  -38.23 -66.24  84.89   1.00
1276.00  -40.41 -62.47  86.08   1.00
1277.00  -42.19 -58.51  87.31   1.00
1278.00  -43.56 -54.40  88.59   1.00
1279.00  -44.50 -50.18  89.89   1.00
1280.00  -45.00 -45.89  91.20   1.00
1281.00   31.64 -108.93  63.19   0.00
1282.00   29.25 -106.93  66.45   1.00
1283.00   27.10 -104.57  69.65   1.00
1284.00   25.23 -101.87  72.75   1.00
1285.00   23.66 -98.87  75.73   1.00
1286.00   22.39 -95.59  78.55   1.00
1287.00   21.44 -92.06  81.20   1.00
1288.00   20.82 -88.31  83.64   1.00
1289.00   20.53 -84.39  85.85   1.00
1290.00   20.59 -80.32  87.82   1.00
1291.00   20.98 -76.15  89.51   1.00
1292.00   21.70 -71.93  90.92   1.00
1293.00   22.75 -67.68  92.03   1.00
1294.00   24.11 -63.45  92.83   1.00
1295.00   25.78 -59.29  93.31   1.00
1296.00   27.74 -55.22  93.48   1.00
1297.00   29.97 -51.30  93.31   1.00
1298.00   32.44 -47.55  92.83   1.00
1299.00   35.13 -44.02  92.03   1.00
1300.00   38.02 -40.73  90.92   1.00
1301.00   41.08 -37.73  89.51   1.00
1302.00   44.29 -35.03  87.82   1.00
1303.00   47.60 -32.67  85.85   1.00
1304.00   50.98 -30.67  83.64   1.00
1305.00   54.41 -29.05  81.20   1.00
1306.00   57.86 -27.81  78.55   1.00
1307.00   61.28 -26.98  75.73   1.00
1308.00   64.64 -26.57  72.75   1.00
1309.00   67.92 -26.57  69.65   1.00
1310.00   71.08 -26.98  66.45   1.00
1311.00   74.10 -27.81  63.19   1.00
1312.00   76.93 -29.04  59.90   1.00
1313.00   79.56 -30.67  56.61   1.00
1314.00   81.95 -32.67  53.35   1.00
1315.00   84.10 -35.03  50.15   1.00
1316.00   85.97 -37.73  47.05   1.00
1317.00   87.54 -40.73  44.07   1.00
1318.00   88.81 -44.01  41.25   1.00
1319.00   89.76 -47.54  38.60   1.00
1320.00   90.38 -51.29  36.16   1.00
1321.00   90.67 -55.21  33.95   1.00
1322.00   90.61 -59.28  31.98   1.00
1323.00   90.22 -63.45  30.29   1.00
1324.00   89.50 -67.67  28.88   1.00
1325.00   88.45 -71.92  27.77   1.00
1326.00   87.09 -76.15  26.97   1.00
1327.00   85.42 -80.31  26.49   1.00
1328.00   83.46 -84.38  26.32   1.00
1329.00   81.23 -88.30  26.49   1.00
1330.00   78.76 -92.05  26.97   1.00
1331.00   76.07 -95.58  27.77   1.00
1332.00   73.18 -98.87  28.88   1.00
1333.00   70.12 -101.87  30.29   1.00
1334.00   66.91 -104.57  31.98   1.00
1335.00   63.60 -106.93  33.95   1.00
1336.00   60.22 -108.93  36.16   1.00
1337.00   56.79 -110.55  38.60   1.00
1338.00   53.34 -111.79  41.25   1.00
1339.00   49.92 -112.62  44.07   1.00
1340.00   46.56 -113.03  47.05   1.00
1341.00   43.28 -113.03  50.15   1.00
1342.00   40.12 -112.62  53.35   1.00
1343.00   37.10 -111.79  56.61   1.00
1344.00   34.27 -110.56  59.90   1.00
1345.00   85.65 -68.88  30.42   0.00
1346.00   84.76 -68.21  34.79   1.00
1347.00   83.89 -67.11  39.09   1.00
1348.00   83.05 -65.59  43.25   1.00
1349.00   82.24 -63.65  47.25   1.00
1350.00   81.48 -61.33  51.04   1.00
1351.00   80.76 -58.64  54.60   1.00
1352.00   80.11 -55.60  57.87   1.00
1353.00   79.51 -52.26  60.85   1.00
1354.00   78.99 -48.63  63.48   1.00
1355.00   78.54 -44.76  65.75   1.00
1356.00   78.17 -40.67  67.65   1.00
1357.00   77.88 -36.42  69.14   1.00
1358.00   77.68 -32.04  70.21   1.00
1359.00   77.56 -27.58  70.86   1.00
1360.00   77.53 -23.07  71.08   1.00
1361.00   77.59 -18.56  70.86   1.00
1362.00   77.74 -14.10  70.21   1.00
1363.00   77.97  -9.72  69.14   1.00
1364.00   78.29  -5.47  67.65   1.00
1365.00   78.69  -1.39  65.75   1.00
1366.00   79.16   2.48  63.48   1.00
1367.00   79.71   6.11  60.85   1.00
1368.00   80.33   9.45  57.87   1.00
1369.00   81.00  12.48  54.60   1.00
1370.00   81.74  15.16  51.04   1.00
1371.00   82.52  17.48  47.25   1.00
1372.00   83.34  19.41  43.25   1.00
1373.00   84.19  20.93  39.09   1.00
1374.00   85.06  22.02  34.79   1.00
1375.00   85.96  22.68  30.42   1.00
1376.00   86.86  22.90  26.00   1.00
1377.00   87.75  22.68  21.58   1.00
1378.00   88.64  22.01  17.21   1.00
1379.00   89.51  20.91  12.91   1.00
1380.00   90.35  19.39   8.75   1.00
1381.00   91.16  17.45   4.75   1.00
1382.00   91.92  15.13   0.96   1.00
1383.00   92.64  12.44  -2.60   1.00
1384.00   93.29   9.40  -5.87   1.00
1385.00   93.89   6.06  -8.85   1.00
1386.00   94.41   2.43 -11.48   1.00
1387.00   94.86  -1.44 -13.75   1.00
1388.00   95.23  -5.53 -15.65   1.00
1389.00   95.52  -9.78 -17.14   1.00
1390.00   95.72 -14.16 -18.21   1.00
1391.00   95.84 -18.62 -18.86   1.00
1392.00   95.87 -23.13 -19.08   1.00
1393.00   95.81 -27.64 -18.86   1.00
1394.00   95.66 -32.10 -18.21   1.00
1395.00   95.43 -36.48 -17.14   1.00
1396.00   95.11 -40.73 -15.65   1.00
1397.00   94.71 -44.81 -13.75   1.00
1398.00   94.24 -48.68 -11.48   1.00
1399.00   93.69 -52.31  -8.85   1.00
1400.00   93.07 -55.65  -5.87   1.00
1401.00   92.40 -58.68  -2.60   1.00
1402.00   91.66 -61.36   0.96   1.00
1403.00   90.88 -63.68   4.75   1.00
1404.00   90.06 -65.61   8.75   1.00
1405.00   89.21 -67.13  12.91   1.00
1406.00   88.34 -68.22  17.21   1.00
1407.00   87.44 -68.88  21.58   1.00
1408.00   86.54 -69.10  26.00   1.00
1409.00   83.87 -82.69 -40.01   0.00
1410.00   83.94 -82.03 -44.47   1.00
1411.00   84.07 -80.94 -48.85   1.00
1412.00   84.25 -79.43 -53.10   1.00
1413.00   84.49 -77.52 -57.18   1.00
1414.00   84.78 -75.22 -61.06   1.00
1415.00   85.11 -72.55 -64.68   1.00
1416.00   85.49 -69.54 -68.03   1.00
1417.00   85.92 -66.22 -71.06   1.00
1418.00   86.38 -62.63 -73.75   1.00
1419.00   86.87 -58.79 -76.07   1.00
1420.00   87.39 -54.74 -78.00   1.00
1421.00   87.93 -50.52 -79.52   1.00
1422.00   88.50 -46.18 -80.62   1.00
1423.00   89.07 -41.75 -81.28   1.00
1424.00   89.65 -37.28 -81.50   1.00
1425.00   90.24 -32.81 -81.28   1.00
1426.00   90.81 -28.38 -80.62   1.00
1427.00   91.38 -24.04 -79.52   1.00
1428.00   91.94 -19.83 -78.00   1.00
1429.00   92.47 -15.78 -76.07   1.00
1430.00   92.98 -11.94 -73.75   1.00
1431.00   93.46  -8.35 -71.06   1.00
1432.00   93.90  -5.03 -68.03   1.00
1433.00   94.30  -2.03 -64.68   1.00
1434.00   94.66   0.64 -61.06   1.00
1435.00   94.97   2.94 -57.18   1.00
1436.00   95.23   4.85 -53.10   1.00
1437.00   95.44   6.36 -48.85   1.00
1438.00   95.60   7.44 -44.47   1.00
1439.00   95.70   8.10 -40.01   1.00
1440.00   95.74   8.31 -35.50   1.00
1441.00   95.73   8.09 -30.99   1.00
1442.00   95.66   7.43 -26.53   1.00
1443.00   95.53   6.34 -22.15   1.00
1444.00   95.35   4.83 -17.90   1.00
1445.00   95.11   2.92 -13.82   1.00
1446.00   94.82   0.62  -9.94   1.00
1447.00   94.49  -2.05  -6.32   1.00
1448.00   94.11  -5.06  -2.97   1.00
1449.00   93.68  -8.38   0.06   1.00
1450.00   93.22 -11.97   2.75   1.00
1451.00   92.73 -15.81   5.07   1.00
1452.00   92.21 -19.86   7.00   1.00
1453.00   91.67 -24.08   8.52   1.00
1454.00   91.10 -28.42   9.62   1.00
1455.00   90.53 -32.85  10.28   1.00
1456.00   89.95 -37.32  10.50   1.00
1457.00   89.36 -41.79  10.28   1.00
1458.00   88.79 -46.22   9.62   1.00
1459.00   88.22 -50.56   8.52   1.00
1460.00   87.66 -54.77   7.00   1.00
1461.00   87.13 -58.82   5.07   1.00
1462.00   86.62 -62.66   2.75   1.00
1463.00   86.14 -66.25   0.06   1.00
1464.00   85.70 -69.57  -2.97   1.00
1465.00   85.30 -72.57  -6.32   1.00
1466.00   84.94 -75.24  -9.94   1.00
1467.00   84.63 -77.54 -13.82   1.00
1468.00   84.37 -79.45 -17.90   1.00
1469.00   84.16 -80.96 -22.15   1.00
1470.00   84.00 -82.04 -26.53   1.00
1471.00   83.90 -82.70 -30.99   1.00
1472.00   83.86 -82.91 -35.50   1.00
1473.00   90.21 -33.05 -85.41   0.00
1474.00   90.05 -32.39 -89.87   1.00
1475.00   89.92 -31.29 -94.24   1.00
1476.00   89.80 -29.76 -98.49   1.00
1477.00   89.70 -27.83 -102.57   1.00
1478.00   89.62 -25.50 -106.44   1.00
1479.00   89.55 -22.81 -110.06   1.00
1480.00   89.51 -19.78 -113.40   1.00
1481.00   89.49 -16.43 -116.43   1.00
1482.00   89.49 -12.80 -119.12   1.00
1483.00   89.52  -8.93 -121.44   1.00
1484.00   89.56  -4.85 -123.37   1.00
1485.00   89.62  -0.60 -124.89   1.00
1486.00   89.71   3.78 -125.98   1.00
1487.00   89.81   8.24 -126.64   1.00
1488.00   89.93  12.75 -126.87   1.00
1489.00   90.07  17.26 -126.64   1.00
1490.00   90.23  21.72 -125.98   1.00
1491.00   90.39  26.10 -124.89   1.00
1492.00   90.58  30.34 -123.37   1.00
1493.00   90.77  34.42 -121.44   1.00
1494.00   90.97  38.29 -119.12   1.00
1495.00   91.18  41.91 -116.43   1.00
1496.00   91.39  45.25 -113.40   1.00
1497.00   91.60  48.28 -110.06   1.00
1498.00   91.82  50.96 -106.44   1.00
1499.00   92.04  53.28 -102.57   1.00
1500.00   92.25  55.20 -98.49   1.00
1501.00   92.46  56.72 -94.24   1.00
1502.00   92.66  57.81 -89.87   1.00
1503.00   92.85  58.46 -85.41   1.00
1504.00   93.03  58.68 -80.90   1.00
1505.00   93.19  58.45 -76.39   1.00
1506.00   93.35  57.79 -71.93   1.00
1507.00   93.48  56.69 -67.56   1.00
1508.00   93.60  55.16 -63.31   1.00
1509.00   93.70  53.23 -59.23   1.00
1510.00   93.78  50.90 -55.36   1.00
1511.00   93.85  48.21 -51.74   1.00
1512.00   93.89  45.18 -48.40   1.00
1513.00   93.91  41.83 -45.37   1.00
1514.00   93.91  38.20 -42.68   1.00
1515.00   93.88  34.33 -40.36   1.00
1516.00   93.84  30.25 -38.43   1.00
1517.00   93.78  26.00 -36.91   1.00
1518.00   93.69  21.62 -35.82   1.00
1519.00   93.59  17.16 -35.16   1.00
1520.00   93.47  12.65 -34.93   1.00
1521.00   93.33   8.14 -35.16   1.00
1522.00   93.17   3.68 -35.82   1.00
1523.00   93.01  -0.70 -36.91   1.00
1524.00   92.82  -4.94 -38.43   1.00
1525.00   92.63  -9.02 -40.36   1.00
1526.00   92.43 -12.89 -42.68   1.00
1527.00   92.22 -16.51 -45.37   1.00
1528.00   92.01 -19.85 -48.40   1.00
1529.00   91.80 -22.88 -51.74   1.00
1530.00   91.58 -25.56 -55.36   1.00
1531.00   91.36 -27.88 -59.23   1.00
1532.00   91.15 -29.80 -63.31   1.00
1533.00   90.94 -31.32 -67.56   1.00
1534.00   90.74 -32.41 -71.93   1.00
1535.00   90.55 -33.06 -76.39   1.00
1536.00   90.37 -33.28 -80.90   1.00
1537.00  -86.19  -7.24 -100.58   0.00
1538.00  -84.40  -7.29 -104.72   1.00
1539.00  -82.48  -7.75 -108.78   1.00
1540.00  -80.46  -8.63 -112.72   1.00
1541.00  -78.36  -9.92 -116.51   1.00
1542.00  -76.20 -11.60 -120.10   1.00
1543.00  -74.00 -13.65 -123.46   1.00
1544.00  -71.78 -16.07 -126.56   1.00
1545.00  -69.56 -18.82 -129.37   1.00
1546.00  -67.37 -21.87 -131.87   1.00
1547.00  -65.22 -25.21 -134.02   1.00
1548.00  -63.13 -28.79 -135.81   1.00
1549.00  -61.13 -32.59 -137.22   1.00
1550.00  -59.24 -36.55 -138.24   1.00
1551.00  -57.47 -40.66 -138.85   1.00
1552.00  -55.83 -44.87 -139.05   1.00
1553.00  -54.36 -49.13 -138.85   1.00
1554.00  -53.05 -53.40 -138.24   1.00
1555.00  -51.93 -57.66 -137.22   1.00
1556.00  -51.00 -61.84 -135.81   1.00
1557.00  -50.27 -65.92 -134.02   1.00
1558.00  -49.75 -69.86 -131.87   1.00
1559.00  -49.45 -73.61 -129.37   1.00
1560.00  -49.36 -77.14 -126.56   1.00
1561.00  -49.49 -80.41 -123.46   1.00
1562.00  -49.84 -83.41 -120.10   1.00
1563.00  -50.40 -86.09 -116.51   1.00
1564.00  -51.17 -88.42 -112.72   1.00
1565.00  -52.14 -90.40 -108.78   1.00
1566.00  -53.30 -91.99 -104.72   1.00
1567.00  -54.64 -93.19 -100.58   1.00
1568.00  -56.15 -93.98 -96.40   1.00
1569.00  -57.81 -94.36 -92.22   1.00
1570.00  -59.60 -94.31 -88.08   1.00
1571.00  -61.52 -93.85 -84.02   1.00
1572.00  -63.54 -92.97 -80.08   1.00
1573.00  -65.64 -91.68 -76.29   1.00
1574.00  -67.80 -90.00 -72.70   1.00
1575.00  -70.00 -87.95 -69.34   1.00
1576.00  -72.22 -85.53 -66.24   1.00
1577.00  -74.44 -82.78 -63.43   1.00
1578.00  -76.63 -79.73 -60.93   1.00
1579.00  -78.78 -76.39 -58.78   1.00
1580.00  -80.87 -72.81 -56.99   1.00
1581.00  -82.87 -69.01 -55.58   1.00
1582.00  -84.76 -65.05 -54.56   1.00
1583.00  -86.53 -60.94 -53.95   1.00
1584.00  -88.17 -56.73 -53.75   1.00
1585.00  -89.64 -52.47 -53.95   1.00
1586.00  -90.95 -48.20 -54.56   1.00
1587.00  -92.07 -43.94 -55.58   1.00
1588.00  -93.00 -39.76 -56.99   1.00
1589.00  -93.73 -35.68 -58.78   1.00
1590.00  -94.25 -31.74 -60.93   1.00
1591.00  -94.55 -27.99 -63.43   1.00
1592.00  -94.64 -24.46 -66.24   1.00
1593.00  -94.51 -21.19 -69.34   1.00
1594.00  -94.16 -18.19 -72.70   1.00
1595.00  -93.60 -15.51 -76.29   1.00
1596.00  -92.83 -13.18 -80.08   1.00
1597.00  -91.86 -11.20 -84.02   1.00
1598.00  -90.70  -9.61 -88.08   1.00
1599.00  -89.36  -8.41 -92.22   1.00
1600.00  -87.85  -7.62 -96.40   1.00
1601.00  -89.30 -56.31 -47.17   0.00
1602.00  -88.03 -56.08 -51.49   1.00
1603.00  -86.49 -56.19 -55.74   1.00
1604.00  -84.70 -56.64 -59.85   1.00
1605.00  -82.66 -57.42 -63.81   1.00
1606.00  -80.41 -58.54 -67.56   1.00
1607.00  -77.96 -59.97 -71.07   1.00
1608.00  -75.34 -61.70 -74.31   1.00
1609.00  -72.57 -63.73 -77.25   1.00
1610.00  -69.68 -66.01 -79.85   1.00
1611.00  -66.70 -68.55 -82.10   1.00
1612.00  -63.65 -71.30 -83.97   1.00
1613.00  -60.57 -74.25 -85.44   1.00
1614.00  -57.48 -77.37 -86.50   1.00
1615.00  -54.42 -80.62 -87.15   1.00
1616.00  -51.41 -83.98 -87.36   1.00
1617.00  -48.48 -87.41 -87.15   1.00
1618.00  -45.66 -90.88 -86.50   1.00
1619.00  -42.98 -94.35 -85.44   1.00
1620.00  -40.47 -97.80 -83.97   1.00
1621.00  -38.14 -101.19 -82.10   1.00
1622.00  -36.03 -104.48 -79.85   1.00
1623.00  -34.14 -107.65 -77.25   1.00
1624.00  -32.50 -110.66 -74.31   1.00
1625.00  -31.13 -113.49 -71.07   1.00
1626.00  -30.04 -116.11 -67.56   1.00
1627.00  -29.23 -118.49 -63.81   1.00
1628.00  -28.73 -120.61 -59.85   1.00
1629.00  -28.52 -122.45 -55.74   1.00
1630.00  -28.61 -123.99 -51.49   1.00
1631.00  -29.01 -125.21 -47.17   1.00
1632.00  -29.71 -126.12 -42.80   1.00
1633.00  -30.70 -126.69 -38.43   1.00
1634.00  -31.97 -126.92 -34.11   1.00
1635.00  -33.51 -126.81 -29.86   1.00
1636.00  -35.30 -126.36 -25.75   1.00
1637.00  -37.34 -125.58 -21.79   1.00
1638.00  -39.59 -124.46 -18.04   1.00
1639.00  -42.04 -123.03 -14.53   1.00
1640.00  -44.66 -121.30 -11.29   1.00
1641.00  -47.43 -119.27  -8.35   1.00
1642.00  -50.32 -116.99  -5.75   1.00
1643.00  -53.30 -114.45  -3.50   1.00
1644.00  -56.35 -111.70  -1.63   1.00
1645.00  -59.43 -108.75  -0.16   1.00
1646.00  -62.52 -105.63   0.90   1.00
1647.00  -65.58 -102.38   1.55   1.00
1648.00  -68.59 -99.02   1.76   1.00
1649.00  -71.52 -95.59   1.55   1.00
1650.00  -74.34 -92.12   0.90   1.00
1651.00  -77.02 -88.65  -0.16   1.00
1652.00  -79.53 -85.20  -1.63   1.00
1653.00  -81.86 -81.81  -3.50   1.00
1654.00  -83.97 -78.52  -5.75   1.00
1655.00  -85.86 -75.35  -8.35   1.00
1656.00  -87.50 -72.34 -11.29   1.00
1657.00  -88.87 -69.51 -14.53   1.00
1658.00  -89.96 -66.89 -18.04   1.00
1659.00  -90.77 -64.51 -21.79   1.00
1660.00  -91.27 -62.39 -25.75   1.00
1661.00  -91.48 -60.55 -29.86   1.00
1662.00  -91.39 -59.01 -34.11   1.00
1663.00  -90.99 -57.79 -38.43   1.00
1664.00  -90.29 -56.88 -42.80   1.00
1665.00  -73.79 -95.59  18.04   0.00
1666.00  -72.73 -94.71  22.34   1.00
1667.00  -71.28 -94.01  26.56   1.00
1668.00  -69.45 -93.49  30.65   1.00
1669.00  -67.25 -93.17  34.58   1.00
1670.00  -64.71 -93.04  38.31   1.00
1671.00  -61.85 -93.11  41.80   1.00
1672.00  -58.69 -93.38  45.02   1.00
1673.00  -55.28 -93.84  47.94   1.00
1674.00  -51.64 -94.48  50.53   1.00
1675.00  -47.81 -95.31  52.77   1.00
1676.00  -43.82 -96.31  54.62   1.00
1677.00  -39.71 -97.48  56.09   1.00
1678.00  -35.52 -98.80  57.14   1.00
1679.00  -31.30 -100.26  57.78   1.00
1680.00  -27.08 -101.85  58.00   1.00
1681.00  -22.90 -103.55  57.78   1.00
1682.00  -18.81 -105.34  57.14   1.00
1683.00  -14.84 -107.21  56.09   1.00
1684.00  -11.03 -109.14  54.62   1.00
1685.00   -7.42 -111.11  52.77   1.00
1686.00   -4.04 -113.11  50.53   1.00
1687.00   -0.93 -115.10  47.94   1.00
1688.00    1.89 -117.08  45.02   1.00
1689.00    4.38 -119.03  41.80   1.00
1690.00    6.53 -120.92  38.31   1.00
1691.00    8.31 -122.74  34.58   1.00
1692.00    9.71 -124.47  30.65   1.00
1693.00   10.70 -126.09  26.56   1.00
1694.00   11.30 -127.59  22.34   1.00
1695.00   11.47 -128.95  18.04   1.00
1696.00   11.24 -130.16  13.70   1.00
1697.00   10.59 -131.21   9.36   1.00
1698.00    9.53 -132.09   5.06   1.00
1699.00    8.08 -132.79   0.84   1.00
1700.00    6.25 -133.31  -3.25   1.00
1701.00    4.05 -133.63  -7.18   1.00
1702.00    1.51 -133.76 -10.91   1.00
1703.00   -1.35 -133.69 -14.40   1.00
1704.00   -4.51 -133.42 -17.62   1.00
1705.00   -7.92 -132.96 -20.54   1.00
1706.00  -11.56 -132.32 -23.13   1.00
1707.00  -15.39 -131.49 -25.37   1.00
1708.00  -19.38 -130.49 -27.22   1.00
1709.00  -23.49 -129.32 -28.69   1.00
1710.00  -27.68 -128.00 -29.74   1.00
1711.00  -31.90 -126.54 -30.38   1.00
1712.00  -36.12 -124.95 -30.60   1.00
1713.00  -40.30 -123.25 -30.38   1.00
1714.00  -44.39 -121.46 -29.74   1.00
1715.00  -48.36 -119.59 -28.69   1.00
1716.00  -52.17 -117.66 -27.22   1.00
1717.00  -55.78 -115.69 -25.37   1.00
1718.00  -59.16 -113.69 -23.13   1.00
1719.00  -62.27 -111.70 -20.54   1.00
1720.00  -65.09 -109.72 -17.62   1.00
1721.00  -67.58 -107.77 -14.40   1.00
1722.00  -69.73 -105.88 -10.91   1.00
1723.00  -71.51 -104.06  -7.18   1.00
1724.00  -72.91 -102.33  -3.25   1.00
1725.00  -73.90 -100.71   0.84   1.00
1726.00  -74.50 -99.21   5.06   1.00
1727.00  -74.67 -97.85   9.36   1.00
1728.00  -74.44 -96.64  13.70   1.00
1729.00  -44.98 -94.67  64.20   0.00
1730.00  -44.47 -91.49  67.36   1.00
1731.00  -43.53 -88.36  70.47   1.00
1732.00  -42.16 -85.29  73.48   1.00
1733.00  -40.37 -82.32  76.38   1.00
1734.00  -38.19 -79.48  79.12   1.00
1735.00  -35.62 -76.79  81.69   1.00
1736.00  -32.71 -74.29  84.07   1.00
1737.00  -29.48 -71.99  86.21   1.00
1738.00  -25.95 -69.92  88.12   1.00
1739.00  -22.16 -68.09  89.77   1.00
1740.00  -18.15 -66.53  91.14   1.00
1741.00  -13.96 -65.25  92.21   1.00
1742.00   -9.62 -64.27  92.99   1.00
1743.00   -5.19 -63.58  93.46   1.00
1744.00   -0.69 -63.20  93.62   1.00
1745.00    3.82 -63.14  93.46   1.00
1746.00    8.30 -63.39  92.99   1.00
1747.00   12.71 -63.94  92.21   1.00
1748.00   17.01 -64.81  91.14   1.00
1749.00   21.16 -65.97  89.77   1.00
1750.00   25.10 -67.41  88.12   1.00
1751.00   28.82 -69.13  86.21   1.00
1752.00   32.26 -71.10  84.07   1.00
1753.00   35.41 -73.30  81.69   1.00
1754.00   38.22 -75.73  79.12   1.00
1755.00   40.67 -78.34  76.38   1.00
1756.00   42.74 -81.12  73.48   1.00
1757.00   44.40 -84.04  70.47   1.00
1758.00   45.65 -87.07  67.36   1.00
1759.00   46.47 -90.18  64.20   1.00
1760.00   46.84 -93.34  61.00   1.00
1761.00   46.78 -96.53  57.80   1.00
1762.00   46.27 -99.71  54.64   1.00
1763.00   45.33 -102.84  51.53   1.00
1764.00   43.96 -105.91  48.52   1.00
1765.00   42.17 -108.88  45.62   1.00
1766.00   39.99 -111.72  42.88   1.00
1767.00   37.42 -114.41  40.31   1.00
1768.00   34.51 -116.91  37.93   1.00
1769.00   31.28 -119.21  35.79   1.00
1770.00   27.75 -121.28  33.88   1.00
1771.00   23.96 -123.11  32.23   1.00
1772.00   19.95 -124.67  30.86   1.00
1773.00   15.76 -125.95  29.79   1.00
1774.00   11.42 -126.93  29.01   1.00
1775.00    6.99 -127.62  28.54   1.00
1776.00    2.49 -128.00  28.38   1.00
1777.00   -2.02 -128.06  28.54   1.00
1778.00   -6.50 -127.81  29.01   1.00
1779.00  -10.91 -127.26  29.79   1.00
1780.00  -15.21 -126.39  30.86   1.00
1781.00  -19.36 -125.23  32.23   1.00
1782.00  -23.30 -123.79  33.88   1.00
1783.00  -27.02 -122.07  35.79   1.00
1784.00  -30.46 -120.10  37.93   1.00
1785.00  -33.61 -117.90  40.31   1.00
1786.00  -36.42 -115.47  42.88   1.00
1787.00  -38.87 -112.86  45.62   1.00
1788.00  -40.94 -110.08  48.52   1.00
1789.00  -42.60 -107.16  51.53   1.00
1790.00  -43.85 -104.13  54.64   1.00
1791.00  -44.67 -101.02  57.80   1.00
1792.00  -45.04 -97.86  61.00   1.00
1793.00   -6.90 -130.75  17.26   0.00
1794.00   -6.60 -129.87  21.68   1.00
1795.00   -5.91 -128.80  26.01   1.00
1796.00   -4.82 -127.56  30.21   1.00
1797.00   -3.36 -126.16  34.25   1.00
1798.00   -1.54 -124.62  38.08   1.00
1799.00    0.63 -122.95  41.66   1.00
1800.00    3.13 -121.16  44.97   1.00
1801.00    5.93 -119.27  47.97   1.00
1802.00    9.00 -117.30  50.63   1.00
1803.00   12.31 -115.27  52.92   1.00
1804.00   15.84 -113.20  54.83   1.00
1805.00   19.55 -111.11  56.34   1.00
1806.00   23.40 -109.02  57.42   1.00
1807.00   27.36 -106.95  58.08   1.00
1808.00   31.38 -104.92  58.30   1.00
1809.00   35.43 -102.94  58.08   1.00
1810.00   39.48 -101.04  57.42   1.00
1811.00   43.47 -99.24  56.34   1.00
1812.00   47.38 -97.55  54.83   1.00
1813.00   51.16 -96.00  52.92   1.00
1814.00   54.78 -94.58  50.63   1.00
1815.00   58.21 -93.33  47.97   1.00
1816.00   61.40 -92.24  44.97   1.00
1817.00   64.34 -91.33  41.66   1.00
1818.00   66.98 -90.62  38.08   1.00
1819.00   69.32 -90.10  34.25   1.00
1820.00   71.31 -89.78  30.21   1.00
1821.00   72.96 -89.67  26.01   1.00
1822.00   74.23 -89.76  21.68   1.00
1823.00   75.11 -90.06  17.26   1.00
1824.00   75.61 -90.55  12.80   1.00
1825.00   75.70 -91.25   8.34   1.00
1826.00   75.40 -92.13   3.92   1.00
1827.00   74.71 -93.20  -0.41   1.00
1828.00   73.62 -94.44  -4.61   1.00
1829.00   72.16 -95.84  -8.65   1.00
1830.00   70.34 -97.38 -12.48   1.00
1831.00   68.17 -99.05 -16.06   1.00
1832.00   65.67 -100.84 -19.37   1.00
1833.00   62.87 -102.73 -22.37   1.00
1834.00   59.80 -104.70 -25.03   1.00
1835.00   56.49 -106.73 -27.32   1.00
1836.00   52.96 -108.80 -29.23   1.00
1837.00   49.25 -110.89 -30.74   1.00
1838.00   45.40 -112.98 -31.82   1.00
1839.00   41.44 -115.05 -32.48   1.00
1840.00   37.42 -117.08 -32.70   1.00
1841.00   33.37 -119.06 -32.48   1.00
1842.00   29.32 -120.96 -31.82   1.00
1843.00   25.33 -122.76 -30.74   1.00
1844.00   21.42 -124.45 -29.23   1.00
1845.00   17.64 -126.00 -27.32   1.00
1846.00   14.02 -127.42 -25.03   1.00
1847.00   10.59 -128.67 -22.37   1.00
1848.00    7.40 -129.76 -19.37   1.00
1849.00    4.46 -130.67 -16.06   1.00
1850.00    1.82 -131.38 -12.48   1.00
1851.00   -0.52 -131.90  -8.65   1.00
1852.00   -2.51 -132.22  -4.61   1.00
1853.00   -4.16 -132.33  -0.41   1.00
1854.00   -5.43 -132.24   3.92   1.00
1855.00   -6.31 -131.94   8.34   1.00
1856.00   -6.81 -131.45  12.80   1.00
1857.00   55.32 -115.24  12.08   0.00
1858.00   55.14 -114.41  16.51   1.00
1859.00   55.17 -113.19  20.86   1.00
1860.00   55.40 -111.61  25.08   1.00
1861.00   55.83 -109.66  29.13   1.00
1862.00   56.47 -107.38  32.97   1.00
1863.00   57.29 -104.79  36.57   1.00
1864.00   58.30 -101.90  39.89   1.00
1865.00   59.48 -98.75  42.90   1.00
1866.00   60.82 -95.37  45.57   1.00
1867.00   62.32 -91.79  47.88   1.00
1868.00   63.95 -88.04  49.79   1.00
1869.00   65.70 -84.16  51.30   1.00
1870.00   67.55 -80.19  52.39   1.00
1871.00   69.49 -76.17  53.05   1.00
1872.00   71.50 -72.13  53.27   1.00
1873.00   73.55 -68.11  53.05   1.00
1874.00   75.63 -64.16  52.39   1.00
1875.00   77.72 -60.31  51.30   1.00
1876.00   79.79 -56.60  49.79   1.00
1877.00   81.83 -53.06  47.88   1.00
1878.00   83.82 -49.72  45.57   1.00
1879.00   85.74 -46.63  42.90   1.00
1880.00   87.57 -43.80  39.89   1.00
1881.00   89.29 -41.28  36.57   1.00
1882.00   90.89 -39.07  32.97   1.00
1883.00   92.34 -37.21  29.13   1.00
1884.00   93.65 -35.70  25.08   1.00
1885.00   94.78 -34.57  20.86   1.00
1886.00   95.74 -33.83  16.51   1.00
1887.00   96.52 -33.48  12.08   1.00
1888.00   97.10 -33.52   7.60   1.00
1889.00   97.48 -33.96   3.12   1.00
1890.00   97.66 -34.79  -1.31   1.00
1891.00   97.63 -36.01  -5.66   1.00
1892.00   97.40 -37.59  -9.88   1.00
1893.00   96.97 -39.54 -13.93   1.00
1894.00   96.33 -41.82 -17.77   1.00
1895.00   95.51 -44.41 -21.37   1.00
1896.00   94.50 -47.30 -24.69   1.00
1897.00   93.32 -50.45 -27.70   1.00
1898.00   91.98 -53.83 -30.37   1.00
1899.00   90.48 -57.41 -32.68   1.00
1900.00   88.85 -61.16 -34.59   1.00
1901.00   87.10 -65.04 -36.10   1.00
1902.00   85.25 -69.01 -37.19   1.00
1903.00   83.31 -73.03 -37.85   1.00
1904.00   81.30 -77.07 -38.07   1.00
1905.00   79.25 -81.09 -37.85   1.00
1906.00   77.17 -85.04 -37.19   1.00
1907.00   75.08 -88.89 -36.10   1.00
1908.00   73.01 -92.60 -34.59   1.00
1909.00   70.97 -96.14 -32.68   1.00
1910.00   68.98 -99.48 -30.37   1.00
1911.00   67.06 -102.57 -27.70   1.00
1912.00   65.23 -105.40 -24.69   1.00
1913.00   63.51 -107.92 -21.37   1.00
1914.00   61.91 -110.13 -17.77   1.00
1915.00   60.46 -111.99 -13.93   1.00
1916.00   59.15 -113.50  -9.88   1.00
1917.00   58.02 -114.63  -5.66   1.00
1918.00   57.06 -115.37  -1.31   1.00
1919.00   56.28 -115.72   3.12   1.00
1920.00   55.70 -115.68   7.60   1.00
1921.00   26.34 -124.28 -50.13   0.00
1922.00   26.20 -123.24 -54.52   1.00
1923.00   26.36 -121.89 -58.83   1.00
1924.00   26.82 -120.25 -63.01   1.00
1925.00   27.59 -118.33 -67.02   1.00
1926.00   28.65 -116.15 -70.83   1.00
1927.00   30.00 -113.73 -74.39   1.00
1928.00   31.61 -111.09 -77.68   1.00
1929.00   33.48 -108.26 -80.66   1.00
1930.00   35.59 -105.27 -83.31   1.00
1931.00   37.92 -102.15 -85.59   1.00
1932.00   40.44 -98.92 -87.48   1.00
1933.00   43.13 -95.62 -88.98   1.00
1934.00   45.96 -92.27 -90.06   1.00
1935.00   48.91 -88.92 -90.71   1.00
1936.00   51.95 -85.59 -90.93   1.00
1937.00   55.05 -82.31 -90.71   1.00
1938.00   58.18 -79.12 -90.06   1.00
1939.00   61.30 -76.05 -88.98   1.00
1940.00   64.40 -73.12 -87.48   1.00
1941.00   67.43 -70.37 -85.59   1.00
1942.00   70.38 -67.83 -83.31   1.00
1943.00   73.21 -65.50 -80.66   1.00
1944.00   75.89 -63.43 -77.68   1.00
1945.00   78.40 -61.62 -74.39   1.00
1946.00   80.71 -60.10 -70.83   1.00
1947.00   82.81 -58.88 -67.02   1.00
1948.00   84.67 -57.98 -63.01   1.00
1949.00   86.27 -57.39 -58.83   1.00
1950.00   87.61 -57.13 -54.52   1.00
1951.00   88.65 -57.20 -50.13   1.00
1952.00   89.41 -57.60 -45.70   1.00
1953.00   89.86 -58.32 -41.27   1.00
1954.00   90.00 -59.36 -36.88   1.00
1955.00   89.84 -60.71 -32.57   1.00
1956.00   89.38 -62.35 -28.39   1.00
1957.00   88.61 -64.27 -24.38   1.00
1958.00   87.55 -66.45 -20.57   1.00
1959.00   86.20 -68.87 -17.01   1.00
1960.00   84.59 -71.51 -13.72   1.00
1961.00   82.72 -74.34 -10.74   1.00
1962.00   80.61 -77.33  -8.09   1.00
1963.00   78.28 -80.45  -5.81   1.00
1964.00   75.76 -83.68  -3.92   1.00
1965.00   73.07 -86.98  -2.42   1.00
1966.00   70.24 -90.33  -1.34   1.00
1967.00   67.29 -93.68  -0.69   1.00
1968.00   64.25 -97.01  -0.47   1.00
1969.00   61.15 -100.29  -0.69   1.00
1970.00   58.02 -103.48  -1.34   1.00
1971.00   54.90 -106.55  -2.42   1.00
1972.00   51.80 -109.48  -3.92   1.00
1973.00   48.77 -112.23  -5.81   1.00
1974.00   45.82 -114.77  -8.09   1.00
1975.00   42.99 -117.10 -10.74   1.00
1976.00   40.31 -119.17 -13.72   1.00
1977.00   37.80 -120.98 -17.01   1.00
1978.00   35.49 -122.50 -20.57   1.00
1979.00   33.39 -123.72 -24.38   1.00
1980.00   31.53 -124.62 -28.39   1.00
1981.00   29.93 -125.21 -32.57   1.00
1982.00   28.59 -125.47 -36.88   1.00
1983.00   27.55 -125.40 -41.27   1.00
1984.00   26.79 -125.00 -45.70   1.00
1985.00   52.45 -87.43 -100.75   0.00
1986.00   51.76 -86.28 -105.06   1.00
1987.00   51.29 -84.77 -109.29   1.00
1988.00   51.07 -82.90 -113.39   1.00
1989.00   51.08 -80.69 -117.33   1.00
1990.00   51.34 -78.17 -121.07   1.00
1991.00   51.83 -75.36 -124.57   1.00
1992.00   52.55 -72.29 -127.79   1.00
1993.00   53.50 -68.99 -130.72   1.00
1994.00   54.66 -65.48 -133.32   1.00
1995.00   56.03 -61.81 -135.56   1.00
1996.00   57.59 -58.00 -137.42   1.00
1997.00   59.32 -54.10 -138.89   1.00
1998.00   61.22 -50.14 -139.95   1.00
1999.00   63.25 -46.17 -140.58   1.00
2000.00   65.41 -42.21 -140.80   1.00
2001.00   67.67 -38.30 -140.58   1.00
2002.00   70.01 -34.50 -139.95   1.00
2003.00   72.40 -30.82 -138.89   1.00
2004.00   74.83 -27.31 -137.42   1.00
2005.00   77.27 -24.00 -135.56   1.00
2006.00   79.69 -20.92 -133.32   1.00
2007.00   82.08 -18.10 -130.72   1.00
2008.00   84.41 -15.57 -127.79   1.00
2009.00   86.66 -13.36 -124.57   1.00
2010.00   88.81 -11.48 -121.07   1.00
2011.00   90.82  -9.95 -117.33   1.00
2012.00   92.70  -8.79 -113.39   1.00
2013.00   94.42  -8.01 -109.29   1.00
2014.00   95.95  -7.62 -105.06   1.00
2015.00   97.29  -7.61 -100.75   1.00
2016.00   98.43  -8.00 -96.40   1.00
2017.00   99.35  -8.77 -92.05   1.00
2018.00  100.04  -9.92 -87.74   1.00
2019.00  100.51 -11.43 -83.51   1.00
2020.00  100.73 -13.30 -79.41   1.00
2021.00  100.72 -15.51 -75.47   1.00
2022.00  100.46 -18.03 -71.73   1.00
2023.00   99.97 -20.84 -68.23   1.00
2024.00   99.25 -23.91 -65.01   1.00
2025.00   98.30 -27.21 -62.08   1.00
2026.00   97.14 -30.72 -59.48   1.00
2027.00   95.77 -34.39 -57.24   1.00
2028.00   94.21 -38.20 -55.38   1.00
2029.00   92.48 -42.10 -53.91   1.00
2030.00   90.58 -46.06 -52.85   1.00
2031.00   88.55 -50.03 -52.22   1.00
2032.00   86.39 -53.99 -52.00   1.00
2033.00   84.13 -57.90 -52.22   1.00
2034.00   81.79 -61.70 -52.85   1.00
2035.00   79.40 -65.38 -53.91   1.00
2036.00   76.97 -68.89 -55.38   1.00
2037.00   74.53 -72.20 -57.24   1.00
2038.00   72.11 -75.28 -59.48   1.00
2039.00   69.72 -78.10 -62.08   1.00
2040.00   67.39 -80.63 -65.01   1.00
2041.00   65.14 -82.84 -68.23   1.00
2042.00   62.99 -84.72 -71.73   1.00
2043.00   60.98 -86.25 -75.47   1.00
2044.00   59.10 -87.41 -79.41   1.00
2045.00   57.38 -88.19 -83.51   1.00
2046.00   55.85 -88.58 -87.74   1.00
2047.00   54.51 -88.59 -92.05   1.00
2048.00   53.37 -88.20 -96.40   1.00
